2589;Leinenstoff;20;17999;18000
2589;Leinenstoff;20;17999;18000
2589;Leinenstoff;20;17999;18000
2589;Leinenstoff;20;17999;18000
2589;Leinenstoff;20;17999;18000
2589;Leinenstoff;20;17999;18000
11178;Groﬂer strahlender Splitter;2;36176;45220
765;Silberblatt;20;63600;79500
765;Silberblatt;20;51184;63980
23786;Khoriumkraftkern;1;487400;488499
16710;Armschienen der Schattenkunst;1;80000;100000
810;Hammer des Nordwindes;1;167900;176500
10940;Seltsamer Staub;20;119980;119980
10940;Seltsamer Staub;20;119980;119980
10940;Seltsamer Staub;20;119980;119980
10940;Seltsamer Staub;20;119980;119980
10940;Seltsamer Staub;20;119980;119980
10940;Seltsamer Staub;20;119980;119980
10940;Seltsamer Staub;20;119980;119980
10940;Seltsamer Staub;20;119980;119980
10940;Seltsamer Staub;20;119980;119980
10940;Seltsamer Staub;20;119980;119980
10940;Seltsamer Staub;20;119980;119980
10940;Seltsamer Staub;20;119980;119980
10940;Seltsamer Staub;20;119980;119980
10940;Seltsamer Staub;20;119980;119980
10940;Seltsamer Staub;20;119980;119980
10940;Seltsamer Staub;20;119980;119980
10940;Seltsamer Staub;20;119980;119980
10940;Seltsamer Staub;20;119980;119980
10940;Seltsamer Staub;20;119980;119980
10940;Seltsamer Staub;20;119980;119980
10940;Seltsamer Staub;20;119980;119980
10940;Seltsamer Staub;20;119980;119980
10940;Seltsamer Staub;20;119980;119980
10940;Seltsamer Staub;20;119980;119980
5498;Kleine irisierende Perle;8;34400;38848
6660;Julies Dolch;1;54235;54500
2319;Mittleres Leder;7;13563;16954
2770;Kupfererz;20;17999;18000
2770;Kupfererz;20;17999;18000
2770;Kupfererz;20;17999;18000
2770;Kupfererz;20;17999;18000
2770;Kupfererz;20;17999;18000
2770;Kupfererz;20;17999;18000
3358;Khadgars Schnurrbart;20;4544;5680
3358;Khadgars Schnurrbart;20;4544;5680
3358;Khadgars Schnurrbart;20;4464;5580
13036;Auftragsmordklinge;1;121482;150000
730;Murlocauge;1;121;152
3404;Bussardfl¸gel;10;5792;7240
3576;Zinnbarren;6;3456;4320
21886;Urleben;1;100000;101010
21886;Urleben;1;100000;101010
21886;Urleben;1;100000;101010
21886;Urleben;1;100000;101010
21886;Urleben;1;100000;101010
21886;Urleben;1;100000;101010
15529;Wachpostengamaschen;1;7799;9749
769;Brocken Eberfleisch;10;6784;8480
769;Brocken Eberfleisch;10;6784;8480
12811;Rechtschaffene Kugel;1;499999;499999
858;Geringer Heiltrank;5;1280;1600
858;Geringer Heiltrank;4;1020;1276
11176;Traumstaub;20;199980;199980
11176;Traumstaub;20;199980;199980
11176;Traumstaub;20;199980;199980
11176;Traumstaub;20;199980;199980
11176;Traumstaub;20;199980;199980
11176;Traumstaub;20;199980;199980
11176;Traumstaub;20;199980;199980
11176;Traumstaub;20;199980;199980
11176;Traumstaub;20;199980;199980
11176;Traumstaub;20;199980;199980
11176;Traumstaub;20;199980;199980
11176;Traumstaub;20;199980;199980
11176;Traumstaub;20;199980;199980
11176;Traumstaub;20;199980;199980
11176;Traumstaub;20;199980;199980
11176;Traumstaub;20;199980;199980
11176;Traumstaub;20;199980;199980
11176;Traumstaub;20;199980;199980
11176;Traumstaub;20;199980;199980
11176;Traumstaub;20;199980;199980
11176;Traumstaub;20;199980;199980
11176;Traumstaub;20;199980;199980
11176;Traumstaub;20;199980;199980
11176;Traumstaub;20;199980;199980
11176;Traumstaub;20;199980;199980
11176;Traumstaub;20;199980;199980
11176;Traumstaub;20;199980;199980
11176;Traumstaub;20;199980;199980
11176;Traumstaub;20;199980;199980
11176;Traumstaub;20;199980;199980
11176;Traumstaub;20;199980;199980
11176;Traumstaub;20;199980;199980
11176;Traumstaub;20;199980;199980
11176;Traumstaub;20;199980;199980
11176;Traumstaub;20;199980;199980
11176;Traumstaub;20;199980;199980
11176;Traumstaub;20;199980;199980
11176;Traumstaub;20;199980;199980
11176;Traumstaub;20;199980;199980
11176;Traumstaub;20;199980;199980
11176;Traumstaub;20;199980;199980
11176;Traumstaub;20;199980;199980
11176;Traumstaub;20;199980;199980
11176;Traumstaub;20;199980;199980
11176;Traumstaub;20;199980;199980
11176;Traumstaub;20;199980;199980
11176;Traumstaub;20;199980;199980
11176;Traumstaub;20;199980;199980
11176;Traumstaub;20;199980;199980
11176;Traumstaub;20;199980;199980
4306;Seidenstoff;14;11054;13818
2058;Kazons Schl‰gel;1;13161;16452
23785;Geh‰rtetes Adamantitrohr;1;390144;490906
13463;Traumblatt;1;7200;9001
3357;Lebenswurz;17;15661;19577
729;Sehniges Geierfleisch;1;51;64
22445;Arkaner Staub;20;369980;369980
22445;Arkaner Staub;20;369980;369980
22445;Arkaner Staub;20;369980;369980
22445;Arkaner Staub;20;369980;369980
22445;Arkaner Staub;20;369980;369980
22445;Arkaner Staub;20;369980;369980
22445;Arkaner Staub;20;369980;369980
22445;Arkaner Staub;20;369980;369980
22445;Arkaner Staub;20;369980;369980
22445;Arkaner Staub;20;369980;369980
22445;Arkaner Staub;20;369980;369980
22445;Arkaner Staub;20;369980;369980
22445;Arkaner Staub;20;369980;369980
22445;Arkaner Staub;20;369980;369980
22445;Arkaner Staub;20;369980;369980
22445;Arkaner Staub;20;369980;369980
22445;Arkaner Staub;20;369980;369980
22445;Arkaner Staub;20;369980;369980
22445;Arkaner Staub;20;369980;369980
22445;Arkaner Staub;20;369980;369980
22445;Arkaner Staub;20;369980;369980
22445;Arkaner Staub;20;369980;369980
22445;Arkaner Staub;20;369980;369980
22445;Arkaner Staub;20;369980;369980
22445;Arkaner Staub;20;369980;369980
22445;Arkaner Staub;20;369980;369980
22445;Arkaner Staub;20;369980;369980
22445;Arkaner Staub;20;369980;369980
22445;Arkaner Staub;20;369980;369980
22445;Arkaner Staub;20;369980;369980
22445;Arkaner Staub;20;369980;369980
22445;Arkaner Staub;20;369980;369980
22445;Arkaner Staub;20;369980;369980
3609;Pl‰ne: Kupferne Kettenweste;1;2499;4999
3609;Pl‰ne: Kupferne Kettenweste;1;1160;1230
3609;Pl‰ne: Kupferne Kettenweste;1;988;1235
3609;Pl‰ne: Kupferne Kettenweste;1;1199;1999
5634;Trank der freien Aktion;5;224999;249999
5634;Trank der freien Aktion;5;224999;249999
5634;Trank der freien Aktion;5;224999;249999
5634;Trank der freien Aktion;5;224999;249999
5634;Trank der freien Aktion;5;224999;249999
22553;Formel: Waffe - Potenz;1;599999;599999
22854;Fl‰schchen des unerbittlichen Angriffs;1;159000;163000
22854;Fl‰schchen des unerbittlichen Angriffs;1;159000;163000
22854;Fl‰schchen des unerbittlichen Angriffs;1;159000;163000
22854;Fl‰schchen des unerbittlichen Angriffs;1;159000;163000
22854;Fl‰schchen des unerbittlichen Angriffs;1;159000;163000
22854;Fl‰schchen des unerbittlichen Angriffs;1;159000;163000
22854;Fl‰schchen des unerbittlichen Angriffs;1;159000;163000
22854;Fl‰schchen des unerbittlichen Angriffs;1;159000;163000
22854;Fl‰schchen des unerbittlichen Angriffs;1;159000;163000
22854;Fl‰schchen des unerbittlichen Angriffs;1;159000;163000
22854;Fl‰schchen des unerbittlichen Angriffs;1;159000;163000
22854;Fl‰schchen des unerbittlichen Angriffs;1;159000;163000
22854;Fl‰schchen des unerbittlichen Angriffs;1;162999;172999
22854;Fl‰schchen des unerbittlichen Angriffs;1;159000;163000
22854;Fl‰schchen des unerbittlichen Angriffs;1;159000;163000
22854;Fl‰schchen des unerbittlichen Angriffs;1;159000;163000
22854;Fl‰schchen des unerbittlichen Angriffs;1;159000;163000
22854;Fl‰schchen des unerbittlichen Angriffs;1;159000;163000
22854;Fl‰schchen des unerbittlichen Angriffs;1;159000;163000
22854;Fl‰schchen des unerbittlichen Angriffs;1;159000;163000
22854;Fl‰schchen des unerbittlichen Angriffs;1;159000;163000
22854;Fl‰schchen des unerbittlichen Angriffs;1;162999;172999
22854;Fl‰schchen des unerbittlichen Angriffs;1;162999;172999
22854;Fl‰schchen des unerbittlichen Angriffs;1;162999;172999
22854;Fl‰schchen des unerbittlichen Angriffs;1;162999;172999
22854;Fl‰schchen des unerbittlichen Angriffs;1;162999;172999
22854;Fl‰schchen des unerbittlichen Angriffs;1;162999;172999
22854;Fl‰schchen des unerbittlichen Angriffs;1;162999;172999
22854;Fl‰schchen des unerbittlichen Angriffs;1;162999;172999
22854;Fl‰schchen des unerbittlichen Angriffs;1;162999;172999
22854;Fl‰schchen des unerbittlichen Angriffs;1;162999;172999
22854;Fl‰schchen des unerbittlichen Angriffs;1;162999;172999
22854;Fl‰schchen des unerbittlichen Angriffs;1;162999;172999
22854;Fl‰schchen des unerbittlichen Angriffs;1;162999;172999
22854;Fl‰schchen des unerbittlichen Angriffs;1;162999;172999
22854;Fl‰schchen des unerbittlichen Angriffs;1;162999;172999
22854;Fl‰schchen des unerbittlichen Angriffs;1;162999;172999
22854;Fl‰schchen des unerbittlichen Angriffs;1;162999;172999
22854;Fl‰schchen des unerbittlichen Angriffs;1;162999;172999
22854;Fl‰schchen des unerbittlichen Angriffs;1;162999;172999
3685;Raptorei;10;9548;12810
3685;Raptorei;10;9548;12810
3685;Raptorei;1;1024;1281
2268;Splittersteinklinge;1;448;560
13511;Fl‰schchen der destillierten Weisheit;1;164999;165999
13511;Fl‰schchen der destillierten Weisheit;1;164999;165999
13511;Fl‰schchen der destillierten Weisheit;1;164999;165999
13511;Fl‰schchen der destillierten Weisheit;1;164999;165999
13511;Fl‰schchen der destillierten Weisheit;1;164999;165999
13511;Fl‰schchen der destillierten Weisheit;1;164999;165999
13511;Fl‰schchen der destillierten Weisheit;1;164999;165999
13511;Fl‰schchen der destillierten Weisheit;1;164999;165999
13511;Fl‰schchen der destillierten Weisheit;1;164999;165999
13511;Fl‰schchen der destillierten Weisheit;1;164999;165999
13511;Fl‰schchen der destillierten Weisheit;1;164999;165999
13511;Fl‰schchen der destillierten Weisheit;1;164999;165999
13511;Fl‰schchen der destillierten Weisheit;1;164999;165999
13511;Fl‰schchen der destillierten Weisheit;1;164999;165999
13511;Fl‰schchen der destillierten Weisheit;1;164999;165999
13511;Fl‰schchen der destillierten Weisheit;1;164999;165999
13511;Fl‰schchen der destillierten Weisheit;1;164999;165999
13511;Fl‰schchen der destillierten Weisheit;1;164999;165999
13511;Fl‰schchen der destillierten Weisheit;1;164999;165999
13511;Fl‰schchen der destillierten Weisheit;1;164999;165999
23199;Totem des Sturms;1;100000;150000
18335;Makelloser schwarzer Diamant;1;599999;599999
18335;Makelloser schwarzer Diamant;1;599999;599999
4305;Seidenstoffballen;9;91238;114048
785;Maguskˆnigskraut;18;64972;81216
785;Maguskˆnigskraut;20;68400;85500
785;Maguskˆnigskraut;20;68400;85500
785;Maguskˆnigskraut;20;68400;85500
10978;Kleiner gleiﬂender Splitter;12;2294;2868
3770;Hammelkoteletts;1;328;411
22861;Fl‰schchen des blendenden Lichts;1;239999;239999
22861;Fl‰schchen des blendenden Lichts;1;239999;239999
22861;Fl‰schchen des blendenden Lichts;1;239999;239999
22861;Fl‰schchen des blendenden Lichts;1;239999;239999
22861;Fl‰schchen des blendenden Lichts;1;239999;239999
22861;Fl‰schchen des blendenden Lichts;1;239999;239999
22861;Fl‰schchen des blendenden Lichts;1;239999;239999
22861;Fl‰schchen des blendenden Lichts;1;239999;239999
22861;Fl‰schchen des blendenden Lichts;1;239999;239999
22861;Fl‰schchen des blendenden Lichts;1;239999;239999
22861;Fl‰schchen des blendenden Lichts;1;239999;239999
22861;Fl‰schchen des blendenden Lichts;1;239999;239999
22861;Fl‰schchen des blendenden Lichts;1;239999;239999
22861;Fl‰schchen des blendenden Lichts;1;239999;239999
22861;Fl‰schchen des blendenden Lichts;1;239999;239999
22861;Fl‰schchen des blendenden Lichts;1;239999;239999
22861;Fl‰schchen des blendenden Lichts;1;239999;239999
22861;Fl‰schchen des blendenden Lichts;1;239999;239999
22861;Fl‰schchen des blendenden Lichts;1;239999;239999
22861;Fl‰schchen des blendenden Lichts;1;239999;239999
5109;Splittersteinlumpen;1;692;865
5109;Splittersteinlumpen;1;692;865
23784;Adamantitrahmen;10;609480;617990
12360;Arkanitbarren;1;59500;60200
23117;Azurmondstein;1;3662;4578
4563;Hinterw‰ldlerkeule;1;338;423
22853;Fl‰schchen der m‰chtigen Wiederherstellung;1;194999;194999
22853;Fl‰schchen der m‰chtigen Wiederherstellung;1;194999;194999
22853;Fl‰schchen der m‰chtigen Wiederherstellung;1;194999;194999
22853;Fl‰schchen der m‰chtigen Wiederherstellung;1;194999;194999
22853;Fl‰schchen der m‰chtigen Wiederherstellung;1;194999;194999
22853;Fl‰schchen der m‰chtigen Wiederherstellung;1;194999;194999
22853;Fl‰schchen der m‰chtigen Wiederherstellung;1;194999;194999
22853;Fl‰schchen der m‰chtigen Wiederherstellung;1;194999;194999
22853;Fl‰schchen der m‰chtigen Wiederherstellung;1;194999;194999
22853;Fl‰schchen der m‰chtigen Wiederherstellung;1;194999;194999
22853;Fl‰schchen der m‰chtigen Wiederherstellung;1;194999;194999
22853;Fl‰schchen der m‰chtigen Wiederherstellung;1;194999;194999
22853;Fl‰schchen der m‰chtigen Wiederherstellung;1;194999;194999
22853;Fl‰schchen der m‰chtigen Wiederherstellung;1;194999;194999
22853;Fl‰schchen der m‰chtigen Wiederherstellung;1;194999;194999
22853;Fl‰schchen der m‰chtigen Wiederherstellung;1;194999;194999
22853;Fl‰schchen der m‰chtigen Wiederherstellung;1;194999;194999
22853;Fl‰schchen der m‰chtigen Wiederherstellung;1;194999;194999
22853;Fl‰schchen der m‰chtigen Wiederherstellung;1;194999;194999
22853;Fl‰schchen der m‰chtigen Wiederherstellung;1;194999;194999
11175;Groﬂe Netheressenz;1;119999;119999
11175;Groﬂe Netheressenz;1;119999;119999
11175;Groﬂe Netheressenz;1;119999;119999
11175;Groﬂe Netheressenz;1;119999;119999
11175;Groﬂe Netheressenz;1;119999;119999
11175;Groﬂe Netheressenz;1;119999;119999
11175;Groﬂe Netheressenz;1;119999;119999
11175;Groﬂe Netheressenz;1;119999;119999
11175;Groﬂe Netheressenz;1;119999;119999
11175;Groﬂe Netheressenz;1;119999;119999
11175;Groﬂe Netheressenz;1;119999;119999
11175;Groﬂe Netheressenz;1;119999;119999
11175;Groﬂe Netheressenz;1;119999;119999
3355;Wildstahlblume;14;15164;18956
22866;Fl‰schchen des reinen Todes;1;238999;238999
11139;Groﬂer leuchtender Splitter;3;5659;7074
4234;Schweres Leder;20;149980;149980
4234;Schweres Leder;20;149980;149980
4234;Schweres Leder;20;149980;149980
4234;Schweres Leder;20;149980;149980
4234;Schweres Leder;20;149980;149980
4234;Schweres Leder;20;149980;149980
4234;Schweres Leder;20;149980;149980
4234;Schweres Leder;20;149980;149980
4234;Schweres Leder;20;149980;149980
4234;Schweres Leder;20;149980;149980
4234;Schweres Leder;20;149980;149980
4234;Schweres Leder;20;149980;149980
4234;Schweres Leder;20;149980;149980
4234;Schweres Leder;20;149980;149980
4234;Schweres Leder;20;149980;149980
4234;Schweres Leder;20;149980;149980
4234;Schweres Leder;20;149980;149980
4234;Schweres Leder;20;149980;149980
4234;Schweres Leder;20;149980;149980
4234;Schweres Leder;20;149980;149980
4234;Schweres Leder;20;149980;149980
4234;Schweres Leder;20;149980;149980
4234;Schweres Leder;20;149980;149980
4234;Schweres Leder;20;149980;149980
4234;Schweres Leder;20;149980;149980
4234;Schweres Leder;20;149980;149980
4234;Schweres Leder;20;149980;149980
4234;Schweres Leder;20;149980;149980
4234;Schweres Leder;20;149980;149980
4234;Schweres Leder;20;149980;149980
4234;Schweres Leder;20;149980;149980
4234;Schweres Leder;20;149980;149980
4234;Schweres Leder;20;149980;149980
4234;Schweres Leder;20;149980;149980
4234;Schweres Leder;20;149980;149980
4234;Schweres Leder;20;149980;149980
4234;Schweres Leder;20;149980;149980
4234;Schweres Leder;20;149980;149980
4234;Schweres Leder;20;149980;149980
4234;Schweres Leder;20;149980;149980
4234;Schweres Leder;20;149980;149980
4234;Schweres Leder;20;149980;149980
4234;Schweres Leder;20;149980;149980
4234;Schweres Leder;20;149980;149980
4234;Schweres Leder;20;149980;149980
4234;Schweres Leder;20;149980;149980
4234;Schweres Leder;20;149980;149980
4234;Schweres Leder;20;149980;149980
4234;Schweres Leder;20;149980;149980
4234;Schweres Leder;8;38393;47992
4234;Schweres Leder;20;149980;149980
4234;Schweres Leder;20;149980;149980
4234;Schweres Leder;20;149980;149980
4234;Schweres Leder;20;149980;149980
4234;Schweres Leder;20;149980;149980
4234;Schweres Leder;20;149980;149980
4234;Schweres Leder;20;149980;149980
4234;Schweres Leder;20;149980;149980
4234;Schweres Leder;20;149980;149980
4234;Schweres Leder;20;149980;149980
4234;Schweres Leder;20;149980;149980
4234;Schweres Leder;20;149980;149980
4234;Schweres Leder;20;149980;149980
4234;Schweres Leder;20;149980;149980
4234;Schweres Leder;20;149980;149980
4234;Schweres Leder;20;149980;149980
4234;Schweres Leder;20;149980;149980
4234;Schweres Leder;20;149980;149980
4234;Schweres Leder;20;149980;149980
4234;Schweres Leder;20;149980;149980
4234;Schweres Leder;20;149980;149980
4234;Schweres Leder;20;149980;149980
4234;Schweres Leder;20;149980;149980
4234;Schweres Leder;20;149980;149980
4234;Schweres Leder;20;149980;149980
4234;Schweres Leder;20;149980;149980
4234;Schweres Leder;20;149980;149980
4234;Schweres Leder;20;149980;149980
3356;Kˆnigsblut;20;3392;4240
13035;Schlangenschnitzler;1;40011;44000
22451;Urluft;1;196000;199500
22451;Urluft;1;196000;199500
22451;Urluft;1;196000;199500
22451;Urluft;1;196000;199500
22451;Urluft;1;196000;199500
9224;Elixier des D‰monentˆtens;5;140000;145000
13464;Goldener Sansam;15;239988;299985
6662;Elixier des Riesenwuchses;20;399999;399999
23766;Geeichtes Eterniumzielfernrohr;1;1967299;1967399
11177;Kleiner strahlender Splitter;7;6064;7581
23787;Teufelsstahlstabilisator;1;699099;999099
22542;Formel: Stiefel - Vitalit‰t;1;1599999;1599999
11084;Groﬂer gleiﬂender Splitter;1;1093;1367
11084;Groﬂer gleiﬂender Splitter;1;1093;1367
11084;Groﬂer gleiﬂender Splitter;1;1093;1367
11084;Groﬂer gleiﬂender Splitter;1;1093;1367
11084;Groﬂer gleiﬂender Splitter;1;1093;1367
11084;Groﬂer gleiﬂender Splitter;1;1093;1367
11084;Groﬂer gleiﬂender Splitter;1;1093;1367
11084;Groﬂer gleiﬂender Splitter;3;1093;1367
11084;Groﬂer gleiﬂender Splitter;1;1093;1367
15575;Spiegelpanzerg¸rtel;1;5879;7349
22825;Elixier der Heilkraft;5;169995;169995
22825;Elixier der Heilkraft;5;169995;169995
22825;Elixier der Heilkraft;5;169995;169995
22825;Elixier der Heilkraft;5;169995;169995
22825;Elixier der Heilkraft;5;169995;169995
22825;Elixier der Heilkraft;5;169995;169995
22825;Elixier der Heilkraft;5;169995;169995
2592;Wollstoff;11;27781;34727
13007;Magieflammenumhang;1;50377;58900
15752;Muster: Lebendige Gamaschen;1;127500;150000
11083;Seelenstaub;4;6352;7940
21887;Knotenhautleder;20;269980;269980
21887;Knotenhautleder;20;269980;269980
21887;Knotenhautleder;20;269980;269980
21887;Knotenhautleder;20;269980;269980
21887;Knotenhautleder;20;269980;269980
21887;Knotenhautleder;20;269980;269980
21887;Knotenhautleder;20;269980;269980
21887;Knotenhautleder;20;269980;269980
21887;Knotenhautleder;20;269980;269980
21887;Knotenhautleder;20;269980;269980
21887;Knotenhautleder;20;269980;269980
21887;Knotenhautleder;20;269980;269980
21887;Knotenhautleder;20;269980;269980
21887;Knotenhautleder;20;269980;269980
21887;Knotenhautleder;20;269980;269980
21887;Knotenhautleder;20;269980;269980
21887;Knotenhautleder;20;269980;269980
21887;Knotenhautleder;20;269980;269980
21887;Knotenhautleder;20;269980;269980
21887;Knotenhautleder;20;269980;269980
21887;Knotenhautleder;20;269980;269980
4304;Dickes Leder;20;189980;189980
4304;Dickes Leder;20;189980;189980
4304;Dickes Leder;20;189980;189980
4304;Dickes Leder;20;189980;189980
4304;Dickes Leder;20;189980;189980
4304;Dickes Leder;20;189980;189980
4304;Dickes Leder;20;189980;189980
4304;Dickes Leder;20;189980;189980
4304;Dickes Leder;20;189980;189980
4304;Dickes Leder;20;189980;189980
4304;Dickes Leder;20;189980;189980
4304;Dickes Leder;20;189980;189980
4304;Dickes Leder;20;189980;189980
4304;Dickes Leder;20;189980;189980
4304;Dickes Leder;20;189980;189980
4304;Dickes Leder;20;189980;189980
4304;Dickes Leder;20;189980;189980
4304;Dickes Leder;20;189980;189980
4304;Dickes Leder;20;189980;189980
4304;Dickes Leder;20;189980;189980
4304;Dickes Leder;20;189980;189980
4304;Dickes Leder;20;189980;189980
4304;Dickes Leder;20;189980;189980
4304;Dickes Leder;20;189980;189980
4304;Dickes Leder;20;189980;189980
4304;Dickes Leder;20;189980;189980
4304;Dickes Leder;20;189980;189980
4304;Dickes Leder;20;189980;189980
4304;Dickes Leder;20;189980;189980
4304;Dickes Leder;20;189980;189980
4304;Dickes Leder;20;189980;189980
4304;Dickes Leder;20;189980;189980
4304;Dickes Leder;20;189980;189980
4304;Dickes Leder;20;189980;189980
4304;Dickes Leder;20;189980;189980
4304;Dickes Leder;20;189980;189980
4304;Dickes Leder;20;189980;189980
4304;Dickes Leder;20;189980;189980
4304;Dickes Leder;20;189980;189980
4304;Dickes Leder;20;189980;189980
4304;Dickes Leder;20;189980;189980
4304;Dickes Leder;20;189980;189980
4304;Dickes Leder;20;189980;189980
4304;Dickes Leder;20;189980;189980
4304;Dickes Leder;20;189980;189980
4304;Dickes Leder;20;189980;189980
4304;Dickes Leder;20;189980;189980
4304;Dickes Leder;20;189980;189980
4304;Dickes Leder;20;189980;189980
4304;Dickes Leder;20;189980;189980
4304;Dickes Leder;20;189980;189980
4304;Dickes Leder;20;189980;189980
4304;Dickes Leder;20;189980;189980
4304;Dickes Leder;20;189980;189980
4304;Dickes Leder;20;189980;189980
4304;Dickes Leder;20;189980;189980
4304;Dickes Leder;20;189980;189980
4304;Dickes Leder;20;189980;189980
4304;Dickes Leder;20;189980;189980
4304;Dickes Leder;20;189980;189980
4304;Dickes Leder;20;189980;189980
4304;Dickes Leder;20;189980;189980
4304;Dickes Leder;20;189980;189980
4304;Dickes Leder;20;189980;189980
4304;Dickes Leder;20;189980;189980
4304;Dickes Leder;20;189980;189980
4304;Dickes Leder;20;189980;189980
4304;Dickes Leder;20;189980;189980
4304;Dickes Leder;20;189980;189980
4304;Dickes Leder;20;189980;189980
4304;Dickes Leder;20;189980;189980
4304;Dickes Leder;20;189980;189980
4304;Dickes Leder;20;189980;189980
4304;Dickes Leder;20;189980;189980
4304;Dickes Leder;20;189980;189980
4304;Dickes Leder;20;189980;189980
4304;Dickes Leder;20;189980;189980
4304;Dickes Leder;20;189980;189980
4304;Dickes Leder;20;189980;189980
4304;Dickes Leder;20;189980;189980
2287;Fleischschenkel;20;368;460
2287;Fleischschenkel;2;36;46
2287;Fleischschenkel;20;368;460
14227;Eisenweberseide;1;73750;84500
14227;Eisenweberseide;1;73750;84500
14227;Eisenweberseide;1;73750;84500
3610;Pl‰ne: Edelsteinbesetzte Kupferstulpen;1;7528;9410
3610;Pl‰ne: Edelsteinbesetzte Kupferstulpen;1;3320;5526
3610;Pl‰ne: Edelsteinbesetzte Kupferstulpen;1;9333;10370
21877;Netherstoff;20;24000;25000
21877;Netherstoff;20;24000;25000
21877;Netherstoff;20;24000;25000
21877;Netherstoff;20;24000;25000
21877;Netherstoff;20;24000;25000
