22792;Alptraumranke;20;247568;309460
22792;Alptraumranke;20;247568;309460
22792;Alptraumranke;20;247568;309460
31321;Halsreif der Buße;1;902800;1000000
31321;Halsreif der Buße;1;1299999;1299999
22794;Teufelslotus;5;125885;149385
22794;Teufelslotus;2;50354;59754
31332;Blendschlag;1;18999999;18999999
3355;Wildstahlblume;1;4441;5552
3355;Wildstahlblume;1;4200;4667
24193;Vorlage: Klobiger lebendiger Rubin;1;499999;799999
27422;Stachelkiemenforelle;20;99980;99980
27422;Stachelkiemenforelle;20;99980;99980
27422;Stachelkiemenforelle;20;99980;99980
27422;Stachelkiemenforelle;20;99980;99980
27422;Stachelkiemenforelle;20;99980;99980
27422;Stachelkiemenforelle;20;99980;99980
27422;Stachelkiemenforelle;20;99980;99980
27422;Stachelkiemenforelle;20;99980;99980
23572;Urnether;1;44000;45000
29548;Netherdrachenschuppe;14;660000;695000
29548;Netherdrachenschuppe;14;662000;698000
29548;Netherdrachenschuppe;20;975000;999900
24245;Glühkappe;8;1168;0
25901;Bemerkenswerter Erdsturmdiamant;1;1399800;1399800
25901;Bemerkenswerter Erdsturmdiamant;1;1298899;1399999
25901;Bemerkenswerter Erdsturmdiamant;1;1400000;1400000
24077;Dicke Adamantithalskette;1;141082;150000
31288;Des Meisters Treter;1;109999;149999
31288;Des Meisters Treter;1;234900;250000
31288;Des Meisters Treter;1;113999;142499
10938;Geringe Magieessenz;2;99000;99500
10938;Geringe Magieessenz;2;99000;99500
10938;Geringe Magieessenz;2;99000;99500
10938;Geringe Magieessenz;2;99000;99500
10938;Geringe Magieessenz;2;99000;99500
10938;Geringe Magieessenz;2;99000;99500
25844;Adamantitrute;1;225672;239591
25844;Adamantitrute;1;319999;349999
25844;Adamantitrute;1;180000;200000
25844;Adamantitrute;1;180000;200000
25844;Adamantitrute;1;180000;200000
25844;Adamantitrute;1;180000;200000
25844;Adamantitrute;1;249900;249900
25844;Adamantitrute;1;249900;249900
29533;Kobrahautbeinrüstung;1;1664999;1669999
29533;Kobrahautbeinrüstung;1;1669900;1699400
29533;Kobrahautbeinrüstung;1;1664999;1679999
29533;Kobrahautbeinrüstung;1;1664500;1679500
29533;Kobrahautbeinrüstung;1;1669999;1699499
29533;Kobrahautbeinrüstung;1;1664500;1669500
29533;Kobrahautbeinrüstung;1;1994500;1999500
22831;Elixier der erheblichen Beweglichkeit;1;4706;16582
22831;Elixier der erheblichen Beweglichkeit;20;300000;320000
22831;Elixier der erheblichen Beweglichkeit;20;300000;320000
22831;Elixier der erheblichen Beweglichkeit;20;320000;335000
22789;Terozapfen;20;315000;349999
22789;Terozapfen;20;325000;349999
23766;Geeichtes Eterniumzielfernrohr;1;2031331;2257034
23766;Geeichtes Eterniumzielfernrohr;1;2031331;2257034
22785;Teufelsgras;20;85000;99997
22785;Teufelsgras;20;95000;99000
22785;Teufelsgras;20;95000;99000
22785;Teufelsgras;20;95000;99000
25867;Erdsturmdiamant;1;785000;790000
24243;Adamantitpulver;20;60000;0
22786;Traumwinde;2;18000;19500
22786;Traumwinde;20;206000;206000
22786;Traumwinde;20;206000;206000
22786;Traumwinde;20;206000;206000
22786;Traumwinde;20;206000;206000
22786;Traumwinde;20;206000;206000
22786;Traumwinde;20;206000;206000
22786;Traumwinde;20;206000;206000
22827;Elixier der erheblichen Frostmacht;1;50000;60000
29534;Grollbalgbeinrüstung;1;889999;953499
29534;Grollbalgbeinrüstung;1;889900;953500
29534;Grollbalgbeinrüstung;1;889999;953999
29534;Grollbalgbeinrüstung;1;945547;956934
29534;Grollbalgbeinrüstung;1;945547;956934
31326;Ring der Treffsicherheit;1;3000000;3500000
24401;Unbekannte Pflanzenteile;40;352000;356000
24401;Unbekannte Pflanzenteile;40;352000;356000
24401;Unbekannte Pflanzenteile;40;352000;356000
29540;Verstärkte Bergbautasche;1;595000;600000
22839;Zerstörungstrank;5;169720;174940
22839;Zerstörungstrank;5;169720;174940
22839;Zerstörungstrank;5;169720;174940
22839;Zerstörungstrank;5;169720;174940
31861;Großer Dämmerstein;1;129000;129000
31861;Großer Dämmerstein;1;100000;139999
31861;Großer Dämmerstein;1;100000;139999
31861;Großer Dämmerstein;1;100000;139999
31861;Großer Dämmerstein;1;100000;139999
31861;Großer Dämmerstein;1;129000;129000
31861;Großer Dämmerstein;1;120000;129999
31861;Großer Dämmerstein;1;100000;139999
31861;Großer Dämmerstein;1;80000;80000
31861;Großer Dämmerstein;1;129000;129000
31861;Großer Dämmerstein;1;80000;80000
31861;Großer Dämmerstein;1;80000;80000
31861;Großer Dämmerstein;1;120000;129999
31861;Großer Dämmerstein;1;120000;129999
22854;Fläschchen des unerbittlichen Angriffs;1;289900;300000
22854;Fläschchen des unerbittlichen Angriffs;1;289900;300000
22854;Fläschchen des unerbittlichen Angriffs;5;930000;930000
22854;Fläschchen des unerbittlichen Angriffs;5;930000;930000
22854;Fläschchen des unerbittlichen Angriffs;5;930000;930000
25899;Grober Erdsturmdiamant;1;947000;998000
25899;Grober Erdsturmdiamant;1;945000;997500
24202;Vorlage: Stürmischer Stern der Elune;1;200000;250000
31293;Gurt des Sturms;1;36864;100000
31328;Gamaschen der Tierherrschaft;1;3000000;3500000
24477;Jaggalmuschelfleisch;10;7777;8999
22448;Kleiner Prismasplitter;1;40100;50000
22448;Kleiner Prismasplitter;3;239700;239700
22448;Kleiner Prismasplitter;1;58316;64796
22448;Kleiner Prismasplitter;1;58856;65396
31303;Valanos' Langbogen;1;149999;179999
31303;Valanos' Langbogen;1;250000;280000
31863;Ausbalanciertes Nachtauge;1;106000;113000
22824;Elixier der erheblichen Stärke;20;75000;200000
22824;Elixier der erheblichen Stärke;20;75000;200000
22824;Elixier der erheblichen Stärke;20;75000;200000
23445;Teufelseisenbarren;20;145000;180000
23445;Teufelseisenbarren;20;289980;289980
23445;Teufelseisenbarren;20;289980;289980
23445;Teufelseisenbarren;20;289980;289980
23445;Teufelseisenbarren;20;289980;289980
23445;Teufelseisenbarren;20;289980;289980
23445;Teufelseisenbarren;20;289980;289980
23445;Teufelseisenbarren;20;289980;289980
23445;Teufelseisenbarren;20;289980;289980
23445;Teufelseisenbarren;20;289980;289980
23445;Teufelseisenbarren;20;289980;289980
23445;Teufelseisenbarren;20;289980;289980
23445;Teufelseisenbarren;20;289980;289980
23445;Teufelseisenbarren;20;289980;289980
23445;Teufelseisenbarren;20;289980;289980
23445;Teufelseisenbarren;20;160000;180000
23445;Teufelseisenbarren;20;289980;289980
23445;Teufelseisenbarren;20;289980;289980
23445;Teufelseisenbarren;20;289980;289980
23445;Teufelseisenbarren;20;289980;289980
23445;Teufelseisenbarren;20;289980;289980
23445;Teufelseisenbarren;20;289980;289980
23445;Teufelseisenbarren;20;160000;180000
23445;Teufelseisenbarren;20;180000;189900
22834;Elixier der erheblichen Verteidigung;2;85000;100000
31672;Rippchen der Mok'Nathal;20;199980;199980
31672;Rippchen der Mok'Nathal;4;15462;19328
31672;Rippchen der Mok'Nathal;20;134500;150000
31672;Rippchen der Mok'Nathal;20;134500;150000
31672;Rippchen der Mok'Nathal;20;134500;150000
31672;Rippchen der Mok'Nathal;20;177777;188888
31672;Rippchen der Mok'Nathal;20;177777;188888
31672;Rippchen der Mok'Nathal;20;199980;199980
31289;Stab der göttlichen Eingebung;1;279916;290000
3340;Pyrophorerz;6;3379;4400
3340;Pyrophorerz;6;3379;4400
24205;Vorlage: Massiver Dämmerstein;1;375600;469500
24205;Vorlage: Massiver Dämmerstein;1;350000;460000
32227;Purpurspinell;1;1995600;2222000
29529;Trommeln der Schlacht;1;487440;497349
29529;Trommeln der Schlacht;1;397500;399999
29529;Trommeln der Schlacht;1;397500;399999
29529;Trommeln der Schlacht;1;397500;399999
29529;Trommeln der Schlacht;1;449999;469999
29529;Trommeln der Schlacht;1;399998;399998
29529;Trommeln der Schlacht;1;399998;399998
29529;Trommeln der Schlacht;1;399998;399998
29529;Trommeln der Schlacht;1;449999;469999
29529;Trommeln der Schlacht;1;487440;497349
29529;Trommeln der Schlacht;1;487440;497349
29529;Trommeln der Schlacht;1;487440;497349
29529;Trommeln der Schlacht;1;487440;497349
29529;Trommeln der Schlacht;1;487440;497349
29529;Trommeln der Schlacht;1;487440;497349
29529;Trommeln der Schlacht;1;487440;497349
29529;Trommeln der Schlacht;1;487440;497349
22825;Elixier der Heilkraft;20;400000;400000
22825;Elixier der Heilkraft;20;400000;400000
22825;Elixier der Heilkraft;20;400000;400000
24062;Robuster Talasit;1;59999;65599
24062;Robuster Talasit;1;55000;60000
24062;Robuster Talasit;1;55000;60000
24062;Robuster Talasit;1;59900;59900
24062;Robuster Talasit;1;59900;59900
24062;Robuster Talasit;1;59900;59900
24065;Schillernder Talasit;1;89999;99999
22451;Urluft;1;256000;260000
22451;Urluft;1;256000;260000
22451;Urluft;1;255500;269500
22451;Urluft;1;255500;269500
22451;Urluft;1;256000;260000
22451;Urluft;1;255500;269500
22451;Urluft;1;266000;270000
22451;Urluft;1;266000;270000
22451;Urluft;1;266000;270000
22451;Urluft;1;266000;270000
22451;Urluft;1;255500;269500
22451;Urluft;1;255500;269500
22451;Urluft;1;255500;269500
22451;Urluft;1;255500;269500
22451;Urluft;2;511000;539000
22451;Urluft;2;511000;539000
22451;Urluft;2;511000;539000
22451;Urluft;2;511000;539000
22451;Urluft;2;511000;539000
22451;Urluft;1;255500;269500
22451;Urluft;2;511000;539000
22451;Urluft;2;511000;539000
22451;Urluft;2;511000;539000
22451;Urluft;2;511000;539000
22451;Urluft;2;511000;539000
22451;Urluft;2;511000;539000
22451;Urluft;1;255500;269500
22451;Urluft;1;255500;269500
22451;Urluft;1;255500;269500
22451;Urluft;1;255500;269500
22451;Urluft;1;255500;269500
22451;Urluft;1;255500;269500
22451;Urluft;1;255500;269500
22451;Urluft;2;511000;539000
31304;Essenzfokussierer;1;128836;140000
31304;Essenzfokussierer;1;126032;140036
31304;Essenzfokussierer;1;85712;107140
23819;Elementare Zephyriumladung;2;358000;360000
23819;Elementare Zephyriumladung;2;358000;360000
25905;Vorlage: Harter Erdsturmdiamant;1;161796;179774
25905;Vorlage: Harter Erdsturmdiamant;1;90000;170000
24203;Vorlage: Glänzender Dämmerstein;1;499999;799999
24203;Vorlage: Glänzender Dämmerstein;1;499999;799999
24203;Vorlage: Glänzender Dämmerstein;1;499999;799999
29547;Windschuppen;4;159996;199996
29547;Windschuppen;4;159996;199996
29547;Windschuppen;4;159996;199996
29547;Windschuppen;4;159996;199996
29547;Windschuppen;4;159996;199996
29547;Windschuppen;4;159996;199996
29547;Windschuppen;4;159996;199996
29547;Windschuppen;4;159996;199996
29547;Windschuppen;4;159996;199996
29547;Windschuppen;20;897500;940000
29547;Windschuppen;20;947000;998000
29547;Windschuppen;15;720000;750000
29547;Windschuppen;4;159996;199996
23821;Schockdrosselnder Partikelextraktor;1;192500;320000
32249;Gischtsmaragd;1;289999;398899
31308;Der Überbringer des Todes;1;170290;189212
31308;Der Überbringer des Todes;1;247000;299950
22446;Große Planaressenz;1;80000;86999
22446;Große Planaressenz;1;80000;86999
22446;Große Planaressenz;1;80000;86999
22446;Große Planaressenz;1;80000;86999
22446;Große Planaressenz;10;850000;850000
22446;Große Planaressenz;10;850000;850000
22446;Große Planaressenz;10;850000;850000
22446;Große Planaressenz;10;850000;850000
22446;Große Planaressenz;1;80000;86999
22446;Große Planaressenz;1;80000;86999
22446;Große Planaressenz;1;80000;86999
22446;Große Planaressenz;1;80000;86999
22446;Große Planaressenz;1;86078;87009
22446;Große Planaressenz;1;80000;86999
22446;Große Planaressenz;1;80000;86999
22446;Große Planaressenz;1;80000;86999
22446;Große Planaressenz;1;80000;86999
22446;Große Planaressenz;1;86078;87009
22446;Große Planaressenz;1;86078;87009
22446;Große Planaressenz;1;86078;87009
22446;Große Planaressenz;10;880100;890000
22446;Große Planaressenz;2;189998;197998
22833;Elixier der erheblichen Feuermacht;1;23750;24500
22830;Elixier des suchenden Auges;1;30000;40000
22830;Elixier des suchenden Auges;1;30000;40000
24061;Glitzernder Edeltopas;1;129535;149999
24061;Glitzernder Edeltopas;1;129535;149999
24061;Glitzernder Edeltopas;1;129535;149999
24061;Glitzernder Edeltopas;1;129535;149999
24061;Glitzernder Edeltopas;1;129535;149999
24061;Glitzernder Edeltopas;1;129535;149999
24061;Glitzernder Edeltopas;1;129535;149999
24061;Glitzernder Edeltopas;1;129535;149999
24061;Glitzernder Edeltopas;1;129535;149999
24061;Glitzernder Edeltopas;1;129535;149999
24061;Glitzernder Edeltopas;1;144900;144900
24061;Glitzernder Edeltopas;1;144900;144900
24061;Glitzernder Edeltopas;1;144900;144900
24061;Glitzernder Edeltopas;1;144900;144900
24061;Glitzernder Edeltopas;1;140000;140000
24061;Glitzernder Edeltopas;1;140000;140000
24061;Glitzernder Edeltopas;1;129535;149999
24061;Glitzernder Edeltopas;1;129535;149999
24061;Glitzernder Edeltopas;1;129535;149999
24061;Glitzernder Edeltopas;1;129535;149999
24061;Glitzernder Edeltopas;1;129535;149999
24061;Glitzernder Edeltopas;1;129535;149999
24061;Glitzernder Edeltopas;1;129535;149999
24061;Glitzernder Edeltopas;1;129535;149999
24061;Glitzernder Edeltopas;1;129535;149999
24061;Glitzernder Edeltopas;1;129535;149999
24061;Glitzernder Edeltopas;1;129535;149999
24061;Glitzernder Edeltopas;1;129535;149999
24061;Glitzernder Edeltopas;1;129535;149999
32067;Elixier der draenischen Weisheit;9;127720;159651
23884;Bauplan: Manatrankeinspritzung;1;8500000;9000000
25719;Arakkoafeder;56;200000;400000
3202;Waldlederarmschienen;1;299900;299900
3202;Waldlederarmschienen;1;200000;250000
25897;Starker Erdsturmdiamant;1;1138399;1138399
25897;Starker Erdsturmdiamant;1;1138200;1138200
29536;Netherkluftbeinrüstung;1;1974400;1988000
29536;Netherkluftbeinrüstung;1;1749999;1978899
29536;Netherkluftbeinrüstung;1;1749999;1978899
29536;Netherkluftbeinrüstung;1;1779999;1969999
29536;Netherkluftbeinrüstung;1;1974400;1988000
25725;Muster: Reitgerte;1;99000;99000
25725;Muster: Reitgerte;1;294267;324741
29535;Netherkobrabeinrüstung;1;2867025;2867312
29535;Netherkobrabeinrüstung;1;2889421;2889710
29535;Netherkobrabeinrüstung;1;2839999;2879999
29535;Netherkobrabeinrüstung;1;2779999;2867599
31305;Ceds Schnitzer;1;131500;139000
31305;Ceds Schnitzer;1;131500;139000
31305;Ceds Schnitzer;1;133333;139999
31305;Ceds Schnitzer;1;141604;157338
22861;Fläschchen des blendenden Lichts;5;1100000;1100000
22861;Fläschchen des blendenden Lichts;1;234999;234999
22861;Fläschchen des blendenden Lichts;1;234999;234999
22861;Fläschchen des blendenden Lichts;1;234999;234999
22861;Fläschchen des blendenden Lichts;1;234999;234999
22861;Fläschchen des blendenden Lichts;1;234999;234999
22861;Fläschchen des blendenden Lichts;1;234999;234999
22861;Fläschchen des blendenden Lichts;1;234999;234999
22861;Fläschchen des blendenden Lichts;1;234999;234999
22861;Fläschchen des blendenden Lichts;1;234999;234999
22861;Fläschchen des blendenden Lichts;1;234999;234999
22861;Fläschchen des blendenden Lichts;1;234999;234999
22861;Fläschchen des blendenden Lichts;1;234999;234999
22861;Fläschchen des blendenden Lichts;1;234999;234999
22861;Fläschchen des blendenden Lichts;1;234999;234999
22861;Fläschchen des blendenden Lichts;1;234999;234999
22861;Fläschchen des blendenden Lichts;1;234999;234999
22861;Fläschchen des blendenden Lichts;5;1100000;1100000
22861;Fläschchen des blendenden Lichts;5;1100000;1100000
22861;Fläschchen des blendenden Lichts;1;234999;234999
22861;Fläschchen des blendenden Lichts;1;234999;234999
22861;Fläschchen des blendenden Lichts;1;234999;234999
22861;Fläschchen des blendenden Lichts;1;229072;239973
22861;Fläschchen des blendenden Lichts;1;219999;232299
22861;Fläschchen des blendenden Lichts;1;229072;239973
22861;Fläschchen des blendenden Lichts;1;229072;239973
22861;Fläschchen des blendenden Lichts;1;229072;239973
22861;Fläschchen des blendenden Lichts;1;229072;239973
22861;Fläschchen des blendenden Lichts;1;229072;239973
22861;Fläschchen des blendenden Lichts;1;229072;239973
22861;Fläschchen des blendenden Lichts;1;229072;239973
22861;Fläschchen des blendenden Lichts;1;229072;239973
22861;Fläschchen des blendenden Lichts;1;229072;239973
22861;Fläschchen des blendenden Lichts;1;229072;239973
22861;Fläschchen des blendenden Lichts;1;230000;232999
22861;Fläschchen des blendenden Lichts;1;230000;232999
22861;Fläschchen des blendenden Lichts;1;230000;232999
24029;Tränenförmiger lebendiger Rubin;1;244371;249999
24029;Tränenförmiger lebendiger Rubin;1;244371;249999
24029;Tränenförmiger lebendiger Rubin;1;244371;249999
24029;Tränenförmiger lebendiger Rubin;1;244371;249999
24029;Tränenförmiger lebendiger Rubin;1;244371;249999
24029;Tränenförmiger lebendiger Rubin;1;244371;249999
24029;Tränenförmiger lebendiger Rubin;1;244371;249999
24029;Tränenförmiger lebendiger Rubin;1;244371;249999
24029;Tränenförmiger lebendiger Rubin;1;244371;249999
24029;Tränenförmiger lebendiger Rubin;1;197900;197900
24029;Tränenförmiger lebendiger Rubin;1;197900;197900
24029;Tränenförmiger lebendiger Rubin;1;197900;197900
24029;Tränenförmiger lebendiger Rubin;1;197900;197900
24029;Tränenförmiger lebendiger Rubin;1;244371;249999
24029;Tränenförmiger lebendiger Rubin;1;244371;249999
24029;Tränenförmiger lebendiger Rubin;1;244371;249999
22838;Hasttrank;5;186245;196940
22838;Hasttrank;5;186245;196940
22838;Hasttrank;5;186245;196940
22838;Hasttrank;5;186245;196940
27498;Rolle der Beweglichkeit V;5;300937;333333
27498;Rolle der Beweglichkeit V;5;300937;333333
27498;Rolle der Beweglichkeit V;5;350625;380000
27498;Rolle der Beweglichkeit V;4;263200;451600
27498;Rolle der Beweglichkeit V;5;300937;333333
27498;Rolle der Beweglichkeit V;5;350625;380000
27498;Rolle der Beweglichkeit V;5;350625;380000
27498;Rolle der Beweglichkeit V;5;329000;564500
27498;Rolle der Beweglichkeit V;5;329000;564500
27498;Rolle der Beweglichkeit V;5;300937;333333
27498;Rolle der Beweglichkeit V;5;350625;380000
27498;Rolle der Beweglichkeit V;5;300937;333333
27498;Rolle der Beweglichkeit V;2;375;0
27498;Rolle der Beweglichkeit V;5;490937;500000
27498;Rolle der Beweglichkeit V;5;490937;500000
27498;Rolle der Beweglichkeit V;5;490937;500000
27498;Rolle der Beweglichkeit V;5;490937;500000
27498;Rolle der Beweglichkeit V;5;300937;333333
27498;Rolle der Beweglichkeit V;1;68723;105840
31287;Ehrenwachenschild der Draenei;1;135221;169027
25909;Vorlage: Mystischer Himmelsfeuerdiamant;1;156800;196000
31306;Gamaschen des heiligen Wappens;1;132823;147582
31306;Gamaschen des heiligen Wappens;1;132823;147582
22456;Urschatten;2;80000;100000
8190;Hanzos Schwert;1;53121;59023
31292;Pulsierender Kristallschild;1;148645;150000
31292;Pulsierender Kristallschild;1;114000;142500
31292;Pulsierender Kristallschild;1;142000;150000
31292;Pulsierender Kristallschild;1;142000;150000
11176;Traumstaub;20;156391;173768
11176;Traumstaub;20;156391;173768
11176;Traumstaub;20;156391;173768
11176;Traumstaub;15;117293;130326
23793;Schweres Knotenhautleder;20;1182500;1249990
23793;Schweres Knotenhautleder;20;1182500;1249990
23793;Schweres Knotenhautleder;20;1182500;1249990
23793;Schweres Knotenhautleder;20;1182500;1249990
24194;Vorlage: Feingeschliffener lebendiger Rubin;1;549000;799000
24194;Vorlage: Feingeschliffener lebendiger Rubin;1;799999;999999
22710;Blutdistel;13;215585;245500
31323;Don Santos' berühmtes Jagdgewehr;1;4500000;4900000
27439;Grimmiger Flusskrebs;1;14999;16899
27439;Grimmiger Flusskrebs;1;14999;16899
27439;Grimmiger Flusskrebs;1;14999;16899
27439;Grimmiger Flusskrebs;5;30100;40000
27439;Grimmiger Flusskrebs;1;14999;16899
27439;Grimmiger Flusskrebs;1;14999;16899
27439;Grimmiger Flusskrebs;10;150000;170000
27439;Grimmiger Flusskrebs;1;14999;16899
31867;Verschleierter Edeltopas;1;229908;249999
31867;Verschleierter Edeltopas;1;229908;249999
31867;Verschleierter Edeltopas;1;229908;249999
31867;Verschleierter Edeltopas;1;229908;249999
24165;Vorlage: Eterniumband der Loderflamme;1;332500;340000
22447;Geringe Planaressenz;1;36718;40797
22447;Geringe Planaressenz;1;36718;40797
22447;Geringe Planaressenz;1;36697;40774
22447;Geringe Planaressenz;1;38747;40773
22447;Geringe Planaressenz;1;38747;40773
22447;Geringe Planaressenz;1;36718;40797
22447;Geringe Planaressenz;1;36718;40797
22447;Geringe Planaressenz;1;38747;40773
22447;Geringe Planaressenz;1;36718;40797
22447;Geringe Planaressenz;1;36718;40797
22447;Geringe Planaressenz;1;36718;40797
22447;Geringe Planaressenz;1;36718;40797
22447;Geringe Planaressenz;1;36718;40797
22447;Geringe Planaressenz;1;36718;40797
31671;Schlangenfleisch;20;313260;391580
31318;Singende Kristallaxt;1;2750000;3250000
22866;Fläschchen des reinen Todes;1;260000;270000
22866;Fläschchen des reinen Todes;1;260000;270000
22866;Fläschchen des reinen Todes;1;260000;270000
22866;Fläschchen des reinen Todes;1;260000;270000
22866;Fläschchen des reinen Todes;1;260000;270000
22866;Fläschchen des reinen Todes;1;283516;298717
22866;Fläschchen des reinen Todes;1;260000;270000
22866;Fläschchen des reinen Todes;1;283516;298717
22866;Fläschchen des reinen Todes;5;1380000;1390000
22866;Fläschchen des reinen Todes;5;1380000;1390000
22866;Fläschchen des reinen Todes;1;270000;280000
22866;Fläschchen des reinen Todes;1;270000;280000
22866;Fläschchen des reinen Todes;1;260000;270000
22866;Fläschchen des reinen Todes;1;283516;298717
22866;Fläschchen des reinen Todes;1;283516;298717
22866;Fläschchen des reinen Todes;1;260000;270000
22866;Fläschchen des reinen Todes;1;260000;270000
22866;Fläschchen des reinen Todes;1;260000;270000
22866;Fläschchen des reinen Todes;1;260000;270000
22866;Fläschchen des reinen Todes;1;260000;270000
22866;Fläschchen des reinen Todes;1;260000;270000
22866;Fläschchen des reinen Todes;1;260000;270000
23446;Adamantitbarren;20;289980;289980
23446;Adamantitbarren;20;289980;289980
23446;Adamantitbarren;20;209980;220000
23446;Adamantitbarren;20;209980;220000
23446;Adamantitbarren;20;209980;220000
23446;Adamantitbarren;20;209980;220000
23446;Adamantitbarren;20;209980;220000
23446;Adamantitbarren;20;209980;220000
23446;Adamantitbarren;20;210000;230000
23446;Adamantitbarren;20;210000;230000
23446;Adamantitbarren;20;199900;209900
23446;Adamantitbarren;20;289980;289980
23446;Adamantitbarren;20;289980;289980
23446;Adamantitbarren;20;289980;289980
23446;Adamantitbarren;20;289980;289980
23446;Adamantitbarren;20;289980;289980
23446;Adamantitbarren;20;289980;289980
23446;Adamantitbarren;20;209980;220000
23446;Adamantitbarren;20;289980;289980
23446;Adamantitbarren;20;289980;289980
23446;Adamantitbarren;20;289980;289980
23446;Adamantitbarren;20;289980;289980
23446;Adamantitbarren;20;289980;289980
23446;Adamantitbarren;20;289980;289980
23446;Adamantitbarren;20;289980;289980
23446;Adamantitbarren;20;289980;289980
23446;Adamantitbarren;20;289980;289980
23446;Adamantitbarren;20;289980;289980
23446;Adamantitbarren;20;289980;289980
23446;Adamantitbarren;20;289980;289980
23446;Adamantitbarren;20;289980;289980
23446;Adamantitbarren;20;289980;289980
23446;Adamantitbarren;20;289980;289980
23446;Adamantitbarren;20;209980;220000
23446;Adamantitbarren;20;209980;220000
23446;Adamantitbarren;20;289980;289980
23446;Adamantitbarren;20;209980;220000
23446;Adamantitbarren;20;209980;220000
23446;Adamantitbarren;20;209999;219999
23446;Adamantitbarren;20;209999;219999
23446;Adamantitbarren;20;209980;220000
23446;Adamantitbarren;20;289980;289980
23446;Adamantitbarren;20;209980;220000
23446;Adamantitbarren;20;209980;220000
23446;Adamantitbarren;20;209980;220000
23446;Adamantitbarren;20;209980;220000
23446;Adamantitbarren;20;209980;220000
23446;Adamantitbarren;20;209980;220000
22739;Foliant der Verwandlung: Schildkröte;1;45000000;60000000
23835;Gnomischer Geflügelisierer;1;2000000;2996700
29539;Kobraschuppen;1;189999;199999
29539;Kobraschuppen;1;189999;199999
29539;Kobraschuppen;1;189999;199999
29539;Kobraschuppen;1;189999;199999
29539;Kobraschuppen;1;189999;199999
29539;Kobraschuppen;1;199900;199900
29539;Kobraschuppen;1;199900;199900
29539;Kobraschuppen;1;189999;199999
29539;Kobraschuppen;1;199900;199900
29539;Kobraschuppen;1;181875;187500
29539;Kobraschuppen;1;181875;187500
29539;Kobraschuppen;1;181875;187500
29539;Kobraschuppen;1;181875;187500
29539;Kobraschuppen;1;181875;187500
29539;Kobraschuppen;1;181875;187500
29539;Kobraschuppen;1;181875;187500
29539;Kobraschuppen;1;199900;199900
29539;Kobraschuppen;2;379988;384999
29539;Kobraschuppen;1;189999;199999
29539;Kobraschuppen;1;199900;199900
29539;Kobraschuppen;1;189999;199999
29539;Kobraschuppen;1;189999;199999
29539;Kobraschuppen;1;199900;199900
29539;Kobraschuppen;1;189999;199999
29539;Kobraschuppen;1;189999;199999
29539;Kobraschuppen;2;379988;384999
29539;Kobraschuppen;2;379988;384999
22832;Erstklassiger Manatrank;5;132665;141940
22832;Erstklassiger Manatrank;5;132665;141940
22832;Erstklassiger Manatrank;5;132665;141940
22832;Erstklassiger Manatrank;5;132665;141940
22832;Erstklassiger Manatrank;5;132665;141940
22832;Erstklassiger Manatrank;5;132665;141940
22832;Erstklassiger Manatrank;5;132665;141940
22832;Erstklassiger Manatrank;5;140000;140000
22832;Erstklassiger Manatrank;1;29999;39999
22832;Erstklassiger Manatrank;5;140000;140000
22832;Erstklassiger Manatrank;5;140000;140000
22832;Erstklassiger Manatrank;5;140000;140000
22832;Erstklassiger Manatrank;5;140000;140000
22832;Erstklassiger Manatrank;5;140000;140000
22832;Erstklassiger Manatrank;5;140000;140000
22832;Erstklassiger Manatrank;5;132665;141940
22832;Erstklassiger Manatrank;5;132665;141940
22832;Erstklassiger Manatrank;5;132665;141940
22832;Erstklassiger Manatrank;5;147500;147500
22832;Erstklassiger Manatrank;5;147500;147500
22832;Erstklassiger Manatrank;5;147500;147500
22832;Erstklassiger Manatrank;5;147500;147500
22832;Erstklassiger Manatrank;5;147500;147500
22832;Erstklassiger Manatrank;5;147500;147500
22832;Erstklassiger Manatrank;5;147500;147500
22832;Erstklassiger Manatrank;5;147500;147500
22832;Erstklassiger Manatrank;5;147500;147500
22832;Erstklassiger Manatrank;5;147500;147500
22832;Erstklassiger Manatrank;5;147500;147500
22832;Erstklassiger Manatrank;5;147500;147500
22832;Erstklassiger Manatrank;5;167000;170000
22832;Erstklassiger Manatrank;5;147500;147500
22832;Erstklassiger Manatrank;5;147500;147500
22832;Erstklassiger Manatrank;5;147500;147500
22832;Erstklassiger Manatrank;5;147500;147500
22832;Erstklassiger Manatrank;5;147500;147500
22832;Erstklassiger Manatrank;5;147500;147500
22832;Erstklassiger Manatrank;5;147500;147500
22832;Erstklassiger Manatrank;5;147500;147500
22832;Erstklassiger Manatrank;5;147500;147500
22832;Erstklassiger Manatrank;5;147500;147500
22832;Erstklassiger Manatrank;5;147500;147500
22832;Erstklassiger Manatrank;5;147500;147500
25843;Teufelseisenrute;1;176000;176900
25843;Teufelseisenrute;1;176000;176900
25843;Teufelseisenrute;1;176000;176900
25843;Teufelseisenrute;1;176000;176900
25843;Teufelseisenrute;1;134444;168055
25843;Teufelseisenrute;1;299999;359999
24195;Vorlage: Tränenförmiger lebendiger Rubin;1;499999;799999
24195;Vorlage: Tränenförmiger lebendiger Rubin;1;455000;470000
31670;Raptorrippchen;20;106000;120000
31670;Raptorrippchen;20;106000;120000
31670;Raptorrippchen;20;106000;120000
31335;Hose des lebendigen Wachstums;1;4500000;5000000
29531;Trommeln der Wiederherstellung;1;494812;542457
29531;Trommeln der Wiederherstellung;1;494812;542457
29531;Trommeln der Wiederherstellung;1;512000;541000
29531;Trommeln der Wiederherstellung;1;494812;542457
29531;Trommeln der Wiederherstellung;1;494812;542457
29531;Trommeln der Wiederherstellung;1;494812;542457
31299;Der Schwurbewahrer;1;155351;190000
24033;Gediegener Stern der Elune;1;78899;92299
24210;Vorlage: Unbeständiges Nachtauge;1;299999;499999
24210;Vorlage: Unbeständiges Nachtauge;1;299999;499999
31290;Band der Herrschaft;1;125276;139195
31290;Band der Herrschaft;1;299999;299999
31290;Band der Herrschaft;1;230709;250000
31290;Band der Herrschaft;1;299999;299999
31290;Band der Herrschaft;1;299999;299999
31290;Band der Herrschaft;1;299999;299999
31290;Band der Herrschaft;1;299999;299999
31290;Band der Herrschaft;1;230709;250000
31290;Band der Herrschaft;1;94000;99500
31290;Band der Herrschaft;1;80000;100000
24060;Glänzender Edeltopas;1;199700;199700
24060;Glänzender Edeltopas;1;199700;199700
24060;Glänzender Edeltopas;1;199700;199700
23518;Teufelsstahlgamaschen;1;580504;586000
23518;Teufelsstahlgamaschen;1;580504;586000
23518;Teufelsstahlgamaschen;1;580504;586000
23518;Teufelsstahlgamaschen;1;580504;586000
10978;Kleiner gleißender Splitter;1;214;238
10978;Kleiner gleißender Splitter;5;384;480
10978;Kleiner gleißender Splitter;2;1800;2000
10978;Kleiner gleißender Splitter;1;214;238
10978;Kleiner gleißender Splitter;1;214;238
10978;Kleiner gleißender Splitter;1;214;238
10978;Kleiner gleißender Splitter;1;214;238
10978;Kleiner gleißender Splitter;20;2000;5000
10978;Kleiner gleißender Splitter;1;214;238
31291;Kristallgeschmiedete Kriegsaxt;1;301398;355000
31291;Kristallgeschmiedete Kriegsaxt;1;340500;359000
31291;Kristallgeschmiedete Kriegsaxt;1;283676;359596
25845;Eterniumrute;1;637575;659999
25845;Eterniumrute;1;637575;659999
31837;Kodex: Gebet des Schattenschutzes II;1;172504;200560
3212;Züngelnde Schuppenarmschienen;1;4396;5495
10940;Seltsamer Staub;20;128500;129600
10940;Seltsamer Staub;10;39000;39440
10940;Seltsamer Staub;20;90000;99000
10940;Seltsamer Staub;11;49500;54450
10940;Seltsamer Staub;20;63328;76660
22788;Flammenkappe;5;62500;72500
22788;Flammenkappe;20;400000;400000
22788;Flammenkappe;20;400000;400000
22788;Flammenkappe;20;400000;400000
22788;Flammenkappe;20;400000;400000
22788;Flammenkappe;20;400000;400000
22788;Flammenkappe;20;400000;400000
22788;Flammenkappe;20;400000;400000
22788;Flammenkappe;20;400000;400000
22788;Flammenkappe;20;400000;400000
22788;Flammenkappe;20;400000;400000
22788;Flammenkappe;20;400000;400000
22788;Flammenkappe;20;400000;400000
22788;Flammenkappe;20;400000;400000
22788;Flammenkappe;20;400000;400000
22788;Flammenkappe;20;400000;400000
22788;Flammenkappe;20;400000;400000
22788;Flammenkappe;20;400000;400000
22788;Flammenkappe;1;15200;19000
22788;Flammenkappe;20;400000;400000
22788;Flammenkappe;20;400000;400000
22788;Flammenkappe;1;12500;14500
22788;Flammenkappe;5;62500;72500
22788;Flammenkappe;5;62500;72500
22788;Flammenkappe;5;62500;72500
22788;Flammenkappe;5;62500;72500
22788;Flammenkappe;5;62500;72500
22788;Flammenkappe;5;62500;72500
22788;Flammenkappe;5;62500;72500
22788;Flammenkappe;5;62500;72500
22788;Flammenkappe;5;62500;72500
22788;Flammenkappe;5;62500;72500
22788;Flammenkappe;5;62500;72500
22788;Flammenkappe;20;332500;349999
22788;Flammenkappe;20;332500;350000
22788;Flammenkappe;20;400000;400000
22829;Erstklassiger Heiltrank;1;29999;39999
22829;Erstklassiger Heiltrank;5;107500;110000
22829;Erstklassiger Heiltrank;3;112500;112500
22829;Erstklassiger Heiltrank;5;107500;110000
22829;Erstklassiger Heiltrank;5;87500;100000
22829;Erstklassiger Heiltrank;5;87500;100000
22829;Erstklassiger Heiltrank;5;95000;95000
22829;Erstklassiger Heiltrank;1;29999;39999
22829;Erstklassiger Heiltrank;1;29999;39999
22829;Erstklassiger Heiltrank;1;29999;39999
22829;Erstklassiger Heiltrank;1;29999;39999
25896;Mächtiger Erdsturmdiamant;1;1128600;1128600
24217;Vorlage: Robuster Talasit;1;45000;99900
3203;Handfester Dreiecksstreitkolben;1;38000;47500
22578;Wasserpartikel;1;16871;17999
31336;Klinge der Zauberei;1;29000000;33000000
24027;Klobiger lebendiger Rubin;1;147288;184110
24027;Klobiger lebendiger Rubin;1;193800;193800
24027;Klobiger lebendiger Rubin;1;193800;193800
24027;Klobiger lebendiger Rubin;1;147288;184110
24027;Klobiger lebendiger Rubin;1;147288;184110
24027;Klobiger lebendiger Rubin;1;147288;184110
24027;Klobiger lebendiger Rubin;1;193800;193800
24027;Klobiger lebendiger Rubin;1;193800;193800
24027;Klobiger lebendiger Rubin;1;193800;193800
24027;Klobiger lebendiger Rubin;1;284808;299999
24027;Klobiger lebendiger Rubin;1;284808;299999
24027;Klobiger lebendiger Rubin;1;284808;299999
24027;Klobiger lebendiger Rubin;1;284808;299999
24027;Klobiger lebendiger Rubin;1;284808;299999
24027;Klobiger lebendiger Rubin;1;284808;299999
24027;Klobiger lebendiger Rubin;1;284808;299999
24027;Klobiger lebendiger Rubin;1;284808;299999
24027;Klobiger lebendiger Rubin;1;284808;299999
24027;Klobiger lebendiger Rubin;1;284808;299999
24027;Klobiger lebendiger Rubin;1;284808;299999
24027;Klobiger lebendiger Rubin;1;284808;299999
24027;Klobiger lebendiger Rubin;1;284808;299999
24027;Klobiger lebendiger Rubin;1;284808;299999
24027;Klobiger lebendiger Rubin;1;284808;299999
24027;Klobiger lebendiger Rubin;1;155000;200000
24027;Klobiger lebendiger Rubin;1;193800;193800
24027;Klobiger lebendiger Rubin;1;193800;193800
24027;Klobiger lebendiger Rubin;1;284808;299999
24027;Klobiger lebendiger Rubin;1;299800;299800
24027;Klobiger lebendiger Rubin;1;299800;299800
24027;Klobiger lebendiger Rubin;1;279999;298899
24027;Klobiger lebendiger Rubin;1;284808;299999
24027;Klobiger lebendiger Rubin;1;284808;299999
24027;Klobiger lebendiger Rubin;1;284808;299999
24027;Klobiger lebendiger Rubin;1;284808;299999
24027;Klobiger lebendiger Rubin;1;284808;299999
24192;Vorlage: Heller lebendiger Rubin;1;402252;502816
31295;Brustschutz des Dunkelpirschers;1;137200;152444
31295;Brustschutz des Dunkelpirschers;1;106500;113000
31295;Brustschutz des Dunkelpirschers;1;101075;113844
24028;Feingeschliffener lebendiger Rubin;1;182650;189998
24028;Feingeschliffener lebendiger Rubin;1;182650;189998
24028;Feingeschliffener lebendiger Rubin;1;184000;184999
24028;Feingeschliffener lebendiger Rubin;1;184000;184999
24028;Feingeschliffener lebendiger Rubin;1;184000;184999
24028;Feingeschliffener lebendiger Rubin;1;182650;189998
24028;Feingeschliffener lebendiger Rubin;1;182650;189998
24028;Feingeschliffener lebendiger Rubin;1;182650;189998
24028;Feingeschliffener lebendiger Rubin;1;175000;182500
24028;Feingeschliffener lebendiger Rubin;1;182650;189998
24028;Feingeschliffener lebendiger Rubin;1;182650;189998
24028;Feingeschliffener lebendiger Rubin;1;182650;189998
24028;Feingeschliffener lebendiger Rubin;1;175000;182500
24028;Feingeschliffener lebendiger Rubin;1;182400;182400
24028;Feingeschliffener lebendiger Rubin;1;182400;182400
24028;Feingeschliffener lebendiger Rubin;1;182400;182400
24028;Feingeschliffener lebendiger Rubin;1;182400;182400
24028;Feingeschliffener lebendiger Rubin;1;182400;182400
24028;Feingeschliffener lebendiger Rubin;1;182400;182400
24028;Feingeschliffener lebendiger Rubin;1;182400;182400
24028;Feingeschliffener lebendiger Rubin;1;182400;182400
24028;Feingeschliffener lebendiger Rubin;1;182400;182400
24028;Feingeschliffener lebendiger Rubin;1;182400;182400
24028;Feingeschliffener lebendiger Rubin;1;182400;182400
24028;Feingeschliffener lebendiger Rubin;1;180000;180000
31342;Das uralte Szepter von Sue-Min;1;9600000;9899999
31342;Das uralte Szepter von Sue-Min;1;9807575;9999999
31297;Robe des Purpurordens;1;49153;140000
31297;Robe des Purpurordens;1;272769;290000
31297;Robe des Purpurordens;1;109153;156000
31297;Robe des Purpurordens;1;164849;183165
31297;Robe des Purpurordens;1;272769;290000
31297;Robe des Purpurordens;1;106400;133000
23802;Bauplan: Verschnörkeltes Khoriumgewehr;1;177500;190000
24271;Zauberstoff;1;799000;845000
24271;Zauberstoff;1;799000;845000
24271;Zauberstoff;1;799000;845000
24271;Zauberstoff;1;799000;845000
24271;Zauberstoff;1;877099;897099
24271;Zauberstoff;1;877099;897099
24271;Zauberstoff;1;877099;897099
24271;Zauberstoff;1;877099;897099
24271;Zauberstoff;1;877099;897099
24271;Zauberstoff;1;888888;899999
24271;Zauberstoff;1;888888;899999
27425;Tüpfelteufelsfinne;20;20240;30000
27425;Tüpfelteufelsfinne;20;20240;30000
27425;Tüpfelteufelsfinne;20;20240;30000
27425;Tüpfelteufelsfinne;20;20240;30000
27425;Tüpfelteufelsfinne;20;20240;30000
22577;Schattenpartikel;10;78000;80000
22577;Schattenpartikel;6;39000;41500
22577;Schattenpartikel;4;21024;26280
22577;Schattenpartikel;7;34949;43687
24199;Vorlage: Gediegener Stern der Elune;1;499999;799999
24199;Vorlage: Gediegener Stern der Elune;1;499999;799999
24199;Vorlage: Gediegener Stern der Elune;1;499999;799999
25744;Auge eines Dunstschuppenbasilisken;17;31500;33500
25744;Auge eines Dunstschuppenbasilisken;1;1676;2000
25744;Auge eines Dunstschuppenbasilisken;8;38112;40000
25744;Auge eines Dunstschuppenbasilisken;9;37500;45500
15420;Eisenfeder;50;109999;200000
15420;Eisenfeder;24;39999;77777
24214;Vorlage: Mächtiger Edeltopas;1;286160;357700
