14553;Schärpe der Gnade;1;126566;140629
14553;Schärpe der Gnade;1;199999;199999
22792;Alptraumranke;20;399999;449999
22792;Alptraumranke;20;307500;399999
22792;Alptraumranke;20;399999;449999
22792;Alptraumranke;20;440000;449800
22792;Alptraumranke;20;307500;399999
22792;Alptraumranke;20;307500;399999
22792;Alptraumranke;20;307500;399999
22792;Alptraumranke;20;307500;399999
22792;Alptraumranke;20;307500;399999
22792;Alptraumranke;20;307500;399999
22792;Alptraumranke;20;307500;399999
22792;Alptraumranke;20;307500;399999
22792;Alptraumranke;20;307500;399999
22792;Alptraumranke;20;307500;399999
22792;Alptraumranke;20;307500;399999
22792;Alptraumranke;20;307500;399999
22792;Alptraumranke;20;307500;399999
22792;Alptraumranke;20;399999;449999
22792;Alptraumranke;20;307500;399999
22792;Alptraumranke;20;307500;399999
22792;Alptraumranke;20;307500;399999
22792;Alptraumranke;20;307500;399999
22792;Alptraumranke;20;307500;399999
22792;Alptraumranke;20;307500;399999
22792;Alptraumranke;20;307500;399999
22792;Alptraumranke;20;307500;399999
22792;Alptraumranke;20;307500;399999
22792;Alptraumranke;20;307500;399999
22792;Alptraumranke;20;307500;399999
22794;Teufelslotus;5;174995;224995
22794;Teufelslotus;5;174995;224995
22794;Teufelslotus;5;174995;224995
22794;Teufelslotus;5;174995;224995
22794;Teufelslotus;5;174995;224995
22794;Teufelslotus;5;174995;224995
22794;Teufelslotus;4;137600;160000
22794;Teufelslotus;5;174995;224995
22794;Teufelslotus;5;174995;224995
22794;Teufelslotus;11;473000;493900
22794;Teufelslotus;5;174995;224995
22794;Teufelslotus;5;174995;224995
22794;Teufelslotus;5;174995;224995
22794;Teufelslotus;5;174995;224995
22794;Teufelslotus;5;215000;224500
22794;Teufelslotus;4;137600;160000
22794;Teufelslotus;4;137600;160000
22794;Teufelslotus;2;47999;59900
22794;Teufelslotus;4;137600;160000
22794;Teufelslotus;4;137600;160000
22794;Teufelslotus;4;137600;160000
22794;Teufelslotus;4;137600;160000
22794;Teufelslotus;4;137600;160000
22794;Teufelslotus;1;38300;38999
22794;Teufelslotus;1;38300;38999
22794;Teufelslotus;4;137600;160000
22794;Teufelslotus;4;137600;160000
22794;Teufelslotus;4;137600;160000
22794;Teufelslotus;4;137600;160000
22794;Teufelslotus;4;137600;160000
22794;Teufelslotus;4;137600;160000
22794;Teufelslotus;4;137600;160000
22794;Teufelslotus;4;137600;160000
22794;Teufelslotus;4;137600;160000
22794;Teufelslotus;4;137600;160000
22794;Teufelslotus;4;137600;160000
23782;Teufelseisengehäuse;1;68647;72835
7969;Mithrilsporen;1;30250;40000
7969;Mithrilsporen;1;30250;40000
7969;Mithrilsporen;1;30250;40000
7969;Mithrilsporen;1;30250;40000
7969;Mithrilsporen;1;30250;40000
14374;Blutrote Sandalen;1;199900;199900
19282;Portal 6;1;82500;99500
19282;Portal 6;1;189646;237058
14507;Muster: Mondstoffschultern;1;245000;250000
14507;Muster: Mondstoffschultern;1;111111;199999
14507;Muster: Mondstoffschultern;1;248434;249999
31152;Brustschutz der Illumination;1;95528;99999
19270;Elementar 3;1;48910;201138
21886;Urleben;2;260000;279000
19261;Kriegsfürst 4;1;400351;404834
9871;Renegatengamaschen;1;10000;15000
23559;Geringe Rune des Schutzes;1;4500;6000
23559;Geringe Rune des Schutzes;2;9000;12000
19231;Bestien 3;1;242414;303018
19231;Bestien 3;1;253801;282001
19231;Bestien 3;1;253516;281684
23573;Gehärteter Adamantitbarren;1;189900;192500
23573;Gehärteter Adamantitbarren;1;189900;192500
23573;Gehärteter Adamantitbarren;1;189909;199999
23573;Gehärteter Adamantitbarren;1;181500;192000
30810;Siegel des Sonnenzorns;10;65000;69000
30810;Siegel des Sonnenzorns;10;65000;69000
30810;Siegel des Sonnenzorns;10;65000;69000
30810;Siegel des Sonnenzorns;10;65000;69000
30810;Siegel des Sonnenzorns;10;65000;69000
30810;Siegel des Sonnenzorns;10;65000;69000
30810;Siegel des Sonnenzorns;10;65000;69000
30810;Siegel des Sonnenzorns;250;2005000;2400000
30810;Siegel des Sonnenzorns;52;325000;340756
30810;Siegel des Sonnenzorns;10;63000;67000
30810;Siegel des Sonnenzorns;10;63000;67000
30810;Siegel des Sonnenzorns;10;65000;69000
30810;Siegel des Sonnenzorns;10;63000;67000
30810;Siegel des Sonnenzorns;250;1450000;1450000
30810;Siegel des Sonnenzorns;10;63000;67000
30810;Siegel des Sonnenzorns;10;63000;67000
30810;Siegel des Sonnenzorns;109;1007596;1019259
30810;Siegel des Sonnenzorns;10;63000;67000
30810;Siegel des Sonnenzorns;10;63000;67000
30810;Siegel des Sonnenzorns;10;63000;67000
30810;Siegel des Sonnenzorns;10;63000;67000
30810;Siegel des Sonnenzorns;10;63000;67000
30810;Siegel des Sonnenzorns;10;63000;67000
30810;Siegel des Sonnenzorns;10;63000;67000
30810;Siegel des Sonnenzorns;10;63000;67000
30810;Siegel des Sonnenzorns;10;63000;67000
30810;Siegel des Sonnenzorns;10;63000;67000
30810;Siegel des Sonnenzorns;10;63000;67000
30810;Siegel des Sonnenzorns;10;63000;67000
30810;Siegel des Sonnenzorns;10;63000;67000
30810;Siegel des Sonnenzorns;10;63000;67000
30810;Siegel des Sonnenzorns;10;63000;67000
30810;Siegel des Sonnenzorns;2;13000;13500
30810;Siegel des Sonnenzorns;2;12740;13524
30810;Siegel des Sonnenzorns;12;52992;66240
30810;Siegel des Sonnenzorns;1;4420;6900
30810;Siegel des Sonnenzorns;250;2450000;2470000
30810;Siegel des Sonnenzorns;1;4420;6900
30810;Siegel des Sonnenzorns;238;952000;1428000
30810;Siegel des Sonnenzorns;10;63000;67000
30810;Siegel des Sonnenzorns;7;28000;32000
30810;Siegel des Sonnenzorns;191;1391244;1545763
30810;Siegel des Sonnenzorns;250;2000000;2400000
30810;Siegel des Sonnenzorns;10;63000;67000
30810;Siegel des Sonnenzorns;82;404600;550000
27656;Sporlingschmaus;19;24275;30000
3231;Halsabschneiderschulterstücke;1;11266;15000
22459;Sphäre der Leere;1;7700;7999
22459;Sphäre der Leere;1;3000;8000
22459;Sphäre der Leere;1;4900;9800
31180;Stulpen der Schädelspalter;1;153616;192021
31180;Stulpen der Schädelspalter;1;153616;192021
14508;Muster: Teufelsstoffschultern;1;99900;99999
14508;Muster: Teufelsstoffschultern;1;19500;73500
14916;Jadedeflektor;1;46585;51762
14916;Jadedeflektor;1;46585;51762
19230;Bestien 2;1;299999;599999
19230;Bestien 2;1;185050;250000
23572;Urnether;1;286999;289999
23572;Urnether;1;56730;67700
23572;Urnether;1;244999;244999
23572;Urnether;1;286999;289999
23572;Urnether;1;286999;289999
23572;Urnether;1;278320;284199
23572;Urnether;1;234000;249500
23572;Urnether;1;234000;249500
23572;Urnether;1;286999;289999
23572;Urnether;1;244999;244999
23572;Urnether;1;64000;66900
23572;Urnether;1;56730;67700
23572;Urnether;1;56730;67700
23572;Urnether;1;244999;244999
23572;Urnether;1;56730;67700
23572;Urnether;1;56730;67700
23572;Urnether;1;244999;244999
31150;Handschuhe der Frömmigkeit;1;100398;120000
15067;Eisenfederschultern;1;649137;700000
29548;Netherdrachenschuppe;4;112000;120000
29548;Netherdrachenschuppe;4;112000;120000
29548;Netherdrachenschuppe;4;112000;120000
29548;Netherdrachenschuppe;4;112000;120000
29548;Netherdrachenschuppe;4;112000;119500
29548;Netherdrachenschuppe;4;112000;119500
29548;Netherdrachenschuppe;4;112000;119500
29548;Netherdrachenschuppe;4;112000;119500
29548;Netherdrachenschuppe;4;112000;119500
19235;Bestien 7;1;2002758;2108448
19235;Bestien 7;1;1008750;1500000
19235;Bestien 7;1;1470000;2093500
19264;Kriegsfürst 7;1;287629;359537
25696;Brustplatte des Teufelspirschers;1;2495174;2999900
3712;Schildkrötenfleisch;8;7920;7920
3685;Raptorei;10;251065;290000
14407;Steinstoffweste;1;9066;10000
23771;Grünes Rauchsignal;5;111875;120000
23771;Grünes Rauchsignal;10;213750;220000
23771;Grünes Rauchsignal;5;111875;120000
19698;Zulianische Münze;2;110000;111000
30183;Nethervortex;1;510000;690000
14785;Khans Helm;1;29585;38232
14785;Khans Helm;1;25806;28674
21884;Urfeuer;1;239900;239900
21884;Urfeuer;1;220350;249800
21884;Urfeuer;1;220350;249800
21884;Urfeuer;1;230000;239400
21884;Urfeuer;1;230000;239400
21884;Urfeuer;1;236000;242000
21884;Urfeuer;1;195429;269477
21884;Urfeuer;1;220350;249800
21884;Urfeuer;1;220350;249800
25650;Knotenhautrüstungsset;1;18500;19000
25650;Knotenhautrüstungsset;10;143600;179500
13064;Jainas Feuerteufel;1;17230;19999
23766;Geeichtes Eterniumzielfernrohr;1;1982303;1982502
23766;Geeichtes Eterniumzielfernrohr;1;2080021;2300000
31191;Armschienen aus Krokiliskenbalg;1;180000;180000
13758;Roher Rotkiemen;20;99980;99980
13758;Roher Rotkiemen;20;79999;89999
13758;Roher Rotkiemen;20;40120;50000
13758;Roher Rotkiemen;20;49999;59999
13758;Roher Rotkiemen;20;49999;59999
13758;Roher Rotkiemen;20;49999;59999
13758;Roher Rotkiemen;20;99980;99980
13758;Roher Rotkiemen;20;99980;99980
13758;Roher Rotkiemen;20;99980;99980
13758;Roher Rotkiemen;20;99980;99980
13758;Roher Rotkiemen;20;99980;99980
13758;Roher Rotkiemen;20;49999;59999
23765;Khoriumzielfernrohr;4;1701030;2126288
23765;Khoriumzielfernrohr;5;1508750;1696900
25867;Erdsturmdiamant;1;950000;990000
25867;Erdsturmdiamant;1;950000;990000
24274;Runenverzierter Zauberfaden;1;2779344;2779622
19279;Portal 3;1;123559;140621
19279;Portal 3;1;202500;239900
14492;Muster: Teufelsstoffstiefel;1;7500;0
31200;Schild des unberechenbaren Fußsoldaten;1;277338;290000
31200;Schild des unberechenbaren Fußsoldaten;1;151007;200000
31200;Schild des unberechenbaren Fußsoldaten;1;277338;290000
31200;Schild des unberechenbaren Fußsoldaten;1;277338;290000
31200;Schild des unberechenbaren Fußsoldaten;1;277338;290000
22445;Arkaner Staub;3;84000;89000
22445;Arkaner Staub;3;84000;89000
22445;Arkaner Staub;3;84000;89000
22445;Arkaner Staub;3;84000;89000
22445;Arkaner Staub;3;84000;89000
22445;Arkaner Staub;2;55500;59000
22445;Arkaner Staub;20;228060;240960
22445;Arkaner Staub;20;230100;240000
22445;Arkaner Staub;20;230100;240000
22445;Arkaner Staub;19;210100;220000
23737;Adamantitgranate;10;78400;98000
23737;Adamantitgranate;5;39200;49000
7355;Ältestenarmschienen;1;11031;15000
22797;Alptraumsaat;10;197500;199000
22797;Alptraumsaat;10;197500;199000
22797;Alptraumsaat;10;197500;199000
22797;Alptraumsaat;10;197500;199000
23533;Stahlgriffstulpen;1;5495432;5999900
3683;Rezept: Klebriger Spinnenkuchen;1;699;1100
6358;Öliges Schwarzmaul;1;13966;16660
6358;Öliges Schwarzmaul;20;301180;319480
6358;Öliges Schwarzmaul;20;320000;350000
6358;Öliges Schwarzmaul;20;320000;350000
6358;Öliges Schwarzmaul;4;50100;63900
6358;Öliges Schwarzmaul;4;50100;63900
6358;Öliges Schwarzmaul;4;50100;63900
14775;Verheererwollwäsche;1;22590;25101
9887;Jägersmannrüstung;1;17071;20000
19701;Münze der Gurubashi;4;280000;284000
18653;Bauplan: Goblinüberbrückungskabel XL;1;2579720;2897620
27655;Heißer Hetzer;20;104500;140000
27655;Heißer Hetzer;12;41040;51300
27655;Heißer Hetzer;14;63840;79800
27655;Heißer Hetzer;20;54500;60000
27655;Heißer Hetzer;20;84500;90000
23781;Elementarsprengpulver;1;21020;42244
23781;Elementarsprengpulver;1;30750;40000
23781;Elementarsprengpulver;1;30750;40000
23781;Elementarsprengpulver;1;21020;42244
23781;Elementarsprengpulver;1;48850;50000
22854;Fläschchen des unerbittlichen Angriffs;1;271925;279999
22854;Fläschchen des unerbittlichen Angriffs;1;271925;279999
22854;Fläschchen des unerbittlichen Angriffs;1;271925;279999
22854;Fläschchen des unerbittlichen Angriffs;1;271925;279999
22854;Fläschchen des unerbittlichen Angriffs;1;271925;279999
22854;Fläschchen des unerbittlichen Angriffs;1;271925;279999
22854;Fläschchen des unerbittlichen Angriffs;1;271925;279999
22854;Fläschchen des unerbittlichen Angriffs;1;271925;279999
22854;Fläschchen des unerbittlichen Angriffs;1;271925;279999
22854;Fläschchen des unerbittlichen Angriffs;1;271925;279999
22854;Fläschchen des unerbittlichen Angriffs;1;271925;279999
22854;Fläschchen des unerbittlichen Angriffs;1;271925;279999
22854;Fläschchen des unerbittlichen Angriffs;1;271925;279999
22854;Fläschchen des unerbittlichen Angriffs;1;271925;279999
22854;Fläschchen des unerbittlichen Angriffs;1;271925;279999
22854;Fläschchen des unerbittlichen Angriffs;1;271925;279999
22854;Fläschchen des unerbittlichen Angriffs;1;271925;279999
22854;Fläschchen des unerbittlichen Angriffs;1;271925;279999
22854;Fläschchen des unerbittlichen Angriffs;1;271925;279999
22854;Fläschchen des unerbittlichen Angriffs;1;271925;279999
22854;Fläschchen des unerbittlichen Angriffs;1;271925;279999
22854;Fläschchen des unerbittlichen Angriffs;1;271925;279999
22854;Fläschchen des unerbittlichen Angriffs;1;271925;279999
22854;Fläschchen des unerbittlichen Angriffs;1;271925;279999
22854;Fläschchen des unerbittlichen Angriffs;1;271925;279999
25695;Gürtel des Teufelspirschers;1;1996844;2499900
31173;Stiefel der Unbändigkeit;1;44669;55837
31173;Stiefel der Unbändigkeit;1;47451;49999
31173;Stiefel der Unbändigkeit;1;44669;55837
31173;Stiefel der Unbändigkeit;1;44669;55837
13512;Fläschchen der obersten Macht;1;209999;218899
13512;Fläschchen der obersten Macht;1;209999;218899
19236;Bestien 8;1;1299999;1499999
19236;Bestien 8;1;408750;500000
19236;Bestien 8;1;2118794;2648493
19236;Bestien 8;1;342434;443043
19236;Bestien 8;1;402087;507609
19236;Bestien 8;1;402087;507609
19236;Bestien 8;1;1004487;1304986
23628;Pläne: Gesegnete Armschienen;1;206986;223728
23628;Pläne: Gesegnete Armschienen;1;206986;223728
23628;Pläne: Gesegnete Armschienen;1;195000;215000
3860;Mithrilbarren;20;144800;149800
31153;Axt der Legion;1;228304;400000
31153;Axt der Legion;1;406535;451706
15084;Tückische Lederarmschienen;1;10966;14999
24066;Strahlender Talasit;1;89999;99999
31139;Faust der Abrechnung;1;89999;99999
15066;Eisenfederbrustplatte;1;745475;800000
13114;Gamaschen des Trollfluchs;1;32574;45000
14551;Handschützer des Klingenmeisters;1;439999;449999
14551;Handschützer des Klingenmeisters;1;335901;350000
14551;Handschützer des Klingenmeisters;1;299999;333333
31214;Abyssische Panzerschienbeinschützer;1;408398;450000
31214;Abyssische Panzerschienbeinschützer;1;458398;500000
14958;Oberhäuptlingsrüstung;1;61136;67929
27657;Schwarzgebratener Basilisk;20;400000;400000
27657;Schwarzgebratener Basilisk;20;400000;400000
27657;Schwarzgebratener Basilisk;20;599980;599980
27657;Schwarzgebratener Basilisk;7;107016;133770
27657;Schwarzgebratener Basilisk;20;599980;599980
27657;Schwarzgebratener Basilisk;20;488800;498820
27657;Schwarzgebratener Basilisk;20;488800;498820
27657;Schwarzgebratener Basilisk;20;364800;456000
25691;Schwere Grollhufstiefel;1;222960;247733
25691;Schwere Grollhufstiefel;1;222589;247500
31133;Gamaschen der undurchdringlichen Dunkelheit;1;128327;142586
19274;Elementar 7;1;132500;140000
19274;Elementar 7;1;245000;250000
19274;Elementar 7;1;180000;220000
19274;Elementar 7;1;126418;136020
19274;Elementar 7;1;156204;173561
23424;Teufelseisenerz;20;99900;109900
23424;Teufelseisenerz;20;82020;101800
23424;Teufelseisenerz;20;99900;109900
23424;Teufelseisenerz;17;76500;102000
14499;Muster: Mondstofftasche;1;27000;27500
23629;Pläne: Teufelsstahllangschwert;1;490000;500000
21885;Urwasser;1;234935;234957
21885;Urwasser;1;234935;234957
21885;Urwasser;1;234935;234957
21885;Urwasser;1;234935;234957
21885;Urwasser;1;234935;234957
21885;Urwasser;1;234935;234957
21885;Urwasser;1;234935;234957
21885;Urwasser;1;234935;234957
21885;Urwasser;1;234935;234957
21885;Urwasser;1;234935;234957
21885;Urwasser;1;234935;234957
21885;Urwasser;1;175000;200000
21885;Urwasser;1;175000;200000
21885;Urwasser;1;234935;234957
21885;Urwasser;1;175000;200000
21885;Urwasser;1;175000;200000
21885;Urwasser;1;179525;189500
21885;Urwasser;1;170000;179500
21885;Urwasser;1;169900;195000
21885;Urwasser;1;176000;180000
21885;Urwasser;1;179525;189500
21885;Urwasser;1;179525;189500
21885;Urwasser;1;179525;189500
21885;Urwasser;4;704000;800000
21885;Urwasser;1;189465;189482
21885;Urwasser;1;175000;200000
21885;Urwasser;1;175000;200000
21885;Urwasser;1;175000;200000
21885;Urwasser;1;175000;200000
21885;Urwasser;1;175000;200000
21885;Urwasser;1;175000;200000
21885;Urwasser;1;175000;200000
21885;Urwasser;1;156000;170000
21885;Urwasser;1;189465;189482
21885;Urwasser;1;189465;189482
21885;Urwasser;1;189465;189482
21885;Urwasser;1;189465;189482
21885;Urwasser;1;189465;189482
21885;Urwasser;20;3439664;4299580
21885;Urwasser;1;189465;189482
21885;Urwasser;1;189465;189482
21885;Urwasser;1;189465;189482
21885;Urwasser;1;189465;189482
21885;Urwasser;1;189465;189482
21885;Urwasser;1;189465;189482
21885;Urwasser;1;189465;189482
21885;Urwasser;1;189465;189482
21885;Urwasser;1;189465;189482
21885;Urwasser;1;189465;189482
21885;Urwasser;1;189465;189482
21885;Urwasser;1;189465;189482
21885;Urwasser;1;189465;189482
21885;Urwasser;1;189465;189482
25668;Dicke draenische Stiefel;1;47341;52602
25668;Dicke draenische Stiefel;1;47341;52602
25668;Dicke draenische Stiefel;1;47341;52602
25668;Dicke draenische Stiefel;1;56070;59999
14552;Palisadenschulterstücke;1;90290;99999
22522;Überragendes Zauberöl;1;152099;165099
22522;Überragendes Zauberöl;1;152099;165099
22522;Überragendes Zauberöl;1;152099;165099
22522;Überragendes Zauberöl;1;152099;165099
22522;Überragendes Zauberöl;1;152099;165099
22522;Überragendes Zauberöl;1;152099;165099
22522;Überragendes Zauberöl;1;66575;83219
22522;Überragendes Zauberöl;1;152099;165099
22522;Überragendes Zauberöl;1;139903;148804
22522;Überragendes Zauberöl;1;139903;148804
22522;Überragendes Zauberöl;1;139903;148804
22522;Überragendes Zauberöl;1;139903;148804
22522;Überragendes Zauberöl;1;139903;148804
22522;Überragendes Zauberöl;1;139903;148804
22522;Überragendes Zauberöl;1;139903;148804
22522;Überragendes Zauberöl;1;139903;148804
22522;Überragendes Zauberöl;1;139903;148804
22522;Überragendes Zauberöl;1;139903;148804
22522;Überragendes Zauberöl;1;139903;148804
22522;Überragendes Zauberöl;1;139903;148804
22522;Überragendes Zauberöl;1;139903;148804
22522;Überragendes Zauberöl;1;139903;148804
22522;Überragendes Zauberöl;1;139903;148804
22522;Überragendes Zauberöl;1;139903;148804
22522;Überragendes Zauberöl;1;139903;148804
22522;Überragendes Zauberöl;1;139903;148804
22522;Überragendes Zauberöl;1;152099;165099
22522;Überragendes Zauberöl;1;66575;83219
22522;Überragendes Zauberöl;1;152099;165099
22522;Überragendes Zauberöl;1;152099;165099
22522;Überragendes Zauberöl;1;152099;165099
22522;Überragendes Zauberöl;1;152099;165099
22522;Überragendes Zauberöl;1;82250;90000
22522;Überragendes Zauberöl;1;82250;90000
22522;Überragendes Zauberöl;1;66575;83219
22522;Überragendes Zauberöl;1;139903;148804
22522;Überragendes Zauberöl;1;66575;83219
22522;Überragendes Zauberöl;1;66575;83219
22522;Überragendes Zauberöl;1;66575;83219
22522;Überragendes Zauberöl;1;66575;83219
22522;Überragendes Zauberöl;1;66575;83219
22522;Überragendes Zauberöl;1;139903;148804
22522;Überragendes Zauberöl;1;139903;148804
31145;Kopfputz des Schläfers;1;148248;149999
24062;Robuster Talasit;1;179999;199999
24062;Robuster Talasit;1;59999;73399
24062;Robuster Talasit;1;179999;199999
24062;Robuster Talasit;1;179999;199999
24062;Robuster Talasit;1;179999;199999
24062;Robuster Talasit;1;179999;199999
24062;Robuster Talasit;1;179999;199999
24062;Robuster Talasit;1;179999;199999
24062;Robuster Talasit;1;179999;199999
24062;Robuster Talasit;1;179999;199999
24062;Robuster Talasit;1;179999;199999
24062;Robuster Talasit;1;179999;189999
24062;Robuster Talasit;1;179999;199999
24062;Robuster Talasit;1;179999;199999
24062;Robuster Talasit;1;179999;199999
24062;Robuster Talasit;1;179999;199999
24062;Robuster Talasit;1;179999;199999
24062;Robuster Talasit;1;179999;199999
24062;Robuster Talasit;1;179999;199999
24062;Robuster Talasit;1;179999;199999
24062;Robuster Talasit;1;179999;189999
24062;Robuster Talasit;1;179999;199999
24062;Robuster Talasit;1;179999;189999
24062;Robuster Talasit;1;179999;189999
24062;Robuster Talasit;1;59999;76699
24062;Robuster Talasit;1;179999;189999
24062;Robuster Talasit;1;179999;189999
24062;Robuster Talasit;1;179999;189999
24062;Robuster Talasit;1;179999;189999
24062;Robuster Talasit;1;179999;189999
24062;Robuster Talasit;1;179999;189999
24062;Robuster Talasit;1;179999;189999
24062;Robuster Talasit;1;179999;189999
24062;Robuster Talasit;1;179999;189999
24062;Robuster Talasit;1;179999;189999
24062;Robuster Talasit;1;179999;189999
24062;Robuster Talasit;1;179999;189999
24062;Robuster Talasit;1;179999;189999
24062;Robuster Talasit;1;179999;189999
24062;Robuster Talasit;1;179999;189999
19269;Elementar 2;1;2503161;2902401
19269;Elementar 2;1;38750;39999
17725;Formel: Waffe - Wintermacht;1;1000000;1150000
17725;Formel: Waffe - Wintermacht;1;1000000;1150000
17725;Formel: Waffe - Wintermacht;1;1000000;1150000
17725;Formel: Waffe - Wintermacht;1;1000000;1150000
17725;Formel: Waffe - Wintermacht;1;1000000;1150000
17725;Formel: Waffe - Wintermacht;1;1000000;1150000
22853;Fläschchen der mächtigen Wiederherstellung;1;239999;249999
22853;Fläschchen der mächtigen Wiederherstellung;1;239999;249999
22853;Fläschchen der mächtigen Wiederherstellung;1;239999;249999
22853;Fläschchen der mächtigen Wiederherstellung;1;239999;249999
22853;Fläschchen der mächtigen Wiederherstellung;1;239999;249999
22853;Fläschchen der mächtigen Wiederherstellung;1;239999;249999
22853;Fläschchen der mächtigen Wiederherstellung;1;239999;249999
22853;Fläschchen der mächtigen Wiederherstellung;1;239999;249999
22853;Fläschchen der mächtigen Wiederherstellung;1;239999;249999
22853;Fläschchen der mächtigen Wiederherstellung;1;239999;249999
22853;Fläschchen der mächtigen Wiederherstellung;1;239999;249999
22853;Fläschchen der mächtigen Wiederherstellung;1;239999;249999
22853;Fläschchen der mächtigen Wiederherstellung;1;239999;249999
22853;Fläschchen der mächtigen Wiederherstellung;1;239999;249999
22853;Fläschchen der mächtigen Wiederherstellung;1;239999;249999
22853;Fläschchen der mächtigen Wiederherstellung;1;239999;249999
22853;Fläschchen der mächtigen Wiederherstellung;1;239999;249999
22853;Fläschchen der mächtigen Wiederherstellung;1;239999;249999
22853;Fläschchen der mächtigen Wiederherstellung;1;239999;249999
22853;Fläschchen der mächtigen Wiederherstellung;1;239999;249999
22853;Fläschchen der mächtigen Wiederherstellung;5;880000;890000
22853;Fläschchen der mächtigen Wiederherstellung;1;209999;219999
22853;Fläschchen der mächtigen Wiederherstellung;1;210000;220000
22853;Fläschchen der mächtigen Wiederherstellung;1;210000;220000
22853;Fläschchen der mächtigen Wiederherstellung;1;210000;220000
22853;Fläschchen der mächtigen Wiederherstellung;1;210000;220000
22853;Fläschchen der mächtigen Wiederherstellung;1;210000;220000
22853;Fläschchen der mächtigen Wiederherstellung;5;880000;890000
22853;Fläschchen der mächtigen Wiederherstellung;1;210000;220000
22853;Fläschchen der mächtigen Wiederherstellung;1;209999;219999
22853;Fläschchen der mächtigen Wiederherstellung;1;209999;219999
22853;Fläschchen der mächtigen Wiederherstellung;1;210000;220000
22853;Fläschchen der mächtigen Wiederherstellung;1;209999;219999
22853;Fläschchen der mächtigen Wiederherstellung;5;850000;950000
22853;Fläschchen der mächtigen Wiederherstellung;1;200000;210000
22853;Fläschchen der mächtigen Wiederherstellung;5;950000;980000
22853;Fläschchen der mächtigen Wiederherstellung;5;950000;980000
22853;Fläschchen der mächtigen Wiederherstellung;5;950000;980000
22853;Fläschchen der mächtigen Wiederherstellung;5;880000;890000
22853;Fläschchen der mächtigen Wiederherstellung;5;850000;950000
22853;Fläschchen der mächtigen Wiederherstellung;5;880000;890000
18357;Kodex der Verteidigung;1;20000;80000
18253;Erheblicher Verjüngungstrank;5;69215;76905
18253;Erheblicher Verjüngungstrank;5;69215;76905
18253;Erheblicher Verjüngungstrank;5;69215;76905
18253;Erheblicher Verjüngungstrank;5;69215;76905
14466;Muster: Froststofftunika;1;3800;4750
25690;Schwere Grollhufgamaschen;1;835924;1044905
25690;Schwere Grollhufgamaschen;1;1047212;1099900
25690;Schwere Grollhufgamaschen;1;835000;1042500
9875;Zaubererschärpe;1;12139;15000
30305;Muster: Stiefel der naturgleichen Anmut;1;999900;999900
27665;Gedünstete Blauflosse;20;399980;429900
27665;Gedünstete Blauflosse;20;399980;429900
27665;Gedünstete Blauflosse;20;399980;429900
27665;Gedünstete Blauflosse;20;399980;429900
27665;Gedünstete Blauflosse;20;399980;429900
31211;Schimärenhauthose;1;2497215;2497565
27503;Rolle der Stärke V;5;373500;394000
27503;Rolle der Stärke V;5;373500;394000
27503;Rolle der Stärke V;5;373500;394000
27503;Rolle der Stärke V;5;373500;394000
27503;Rolle der Stärke V;5;373500;394000
27503;Rolle der Stärke V;5;373500;394000
27503;Rolle der Stärke V;5;373500;394000
27503;Rolle der Stärke V;5;373500;394000
27503;Rolle der Stärke V;5;373500;394000
27503;Rolle der Stärke V;5;373500;394000
27503;Rolle der Stärke V;5;373500;394000
27503;Rolle der Stärke V;5;390937;393900
27503;Rolle der Stärke V;5;390937;393900
14489;Muster: Froststoffhose;1;14500;15000
31148;Dämonenbalgschiftung;1;141673;149999
22449;Großer Prismasplitter;1;30100;40000
22449;Großer Prismasplitter;5;190100;200000
27658;Gerösteter Grollhuf;4;39996;49996
27658;Gerösteter Grollhuf;4;39996;49996
27658;Gerösteter Grollhuf;4;39996;49996
27658;Gerösteter Grollhuf;4;39996;49996
27658;Gerösteter Grollhuf;20;379980;399980
27658;Gerösteter Grollhuf;4;39996;49996
23783;Eine Hand voll Teufelseisenbolzen;3;30767;34186
22521;Überragendes Manaöl;1;152035;174483
22521;Überragendes Manaöl;1;152035;174483
22521;Überragendes Manaöl;1;152035;174483
22521;Überragendes Manaöl;1;152035;174483
22521;Überragendes Manaöl;1;102250;102999
22521;Überragendes Manaöl;1;102250;102999
22521;Überragendes Manaöl;1;102250;110000
22521;Überragendes Manaöl;1;119999;152299
22521;Überragendes Manaöl;1;219999;239999
22521;Überragendes Manaöl;1;219999;239999
23633;Pläne: Runenverzierter Hammer;1;200000;225000
29547;Windschuppen;4;156417;173796
29547;Windschuppen;4;159996;199996
29547;Windschuppen;13;386141;482677
29547;Windschuppen;4;159996;199996
29547;Windschuppen;4;159996;199996
29547;Windschuppen;4;159996;199996
29547;Windschuppen;4;159996;199996
29547;Windschuppen;4;159996;199996
29547;Windschuppen;4;159996;199996
29547;Windschuppen;4;159996;199996
29547;Windschuppen;1;40000;49900
29547;Windschuppen;4;159996;199996
29547;Windschuppen;4;159996;199996
29547;Windschuppen;2;59000;69000
29547;Windschuppen;4;187500;195000
29547;Windschuppen;4;187500;195000
29547;Windschuppen;4;187500;195000
29547;Windschuppen;1;40000;49900
29547;Windschuppen;1;40000;49900
29547;Windschuppen;20;495000;497500
22457;Urmana;1;239719;247149
22457;Urmana;10;2476210;2499990
22457;Urmana;1;239719;247149
22457;Urmana;3;508000;650000
22457;Urmana;10;2476210;2499990
22457;Urmana;10;2476210;2499990
22457;Urmana;10;2476210;2499990
22457;Urmana;10;2476210;2499990
22457;Urmana;10;2476210;2499990
22457;Urmana;10;2476210;2499990
22457;Urmana;10;2476210;2499990
22457;Urmana;10;2476210;2499990
22457;Urmana;1;199900;210000
22457;Urmana;1;209900;209999
22795;Teufelsblüte;20;137500;162500
23625;Pläne: Helm der Eidestreue;1;240654;267394
22446;Große Planaressenz;1;109000;109500
22446;Große Planaressenz;1;109000;109500
22446;Große Planaressenz;1;74998;74999
22446;Große Planaressenz;1;74998;74999
22446;Große Planaressenz;1;74998;74999
22446;Große Planaressenz;1;74998;74999
22446;Große Planaressenz;1;74998;74999
22446;Große Planaressenz;1;74998;74999
22446;Große Planaressenz;1;74998;74999
22446;Große Planaressenz;1;74998;74999
22446;Große Planaressenz;1;74998;74999
22446;Große Planaressenz;1;74998;74999
22446;Große Planaressenz;1;74998;74999
22446;Große Planaressenz;1;74998;74999
22446;Große Planaressenz;10;977510;999990
22446;Große Planaressenz;10;977510;999990
22446;Große Planaressenz;10;977510;999990
22446;Große Planaressenz;10;977510;999990
22446;Große Planaressenz;10;977510;999990
22446;Große Planaressenz;1;109000;109500
22446;Große Planaressenz;1;97999;117599
22446;Große Planaressenz;1;109000;109500
14730;Kriegsbemalungsbrustharnisch;1;11223;15000
24061;Glitzernder Edeltopas;1;119900;119900
19441;Riesiger Giftbeutel;1;2679;2680
11083;Seelenstaub;20;194500;199500
11083;Seelenstaub;10;79528;88660
11083;Seelenstaub;7;68075;69825
11083;Seelenstaub;20;194500;199500
11083;Seelenstaub;20;194500;199500
11083;Seelenstaub;20;194500;199500
11083;Seelenstaub;20;194500;199500
11083;Seelenstaub;20;194500;199500
31203;Arkanschleife;1;627199;783999
31203;Arkanschleife;1;1255074;1840272
31203;Arkanschleife;1;159727;200000
13046;Blanchards Schädelbrecher;1;40000;50000
4301;Muster: Barbarischer Gürtel;1;21312;59999
2164;Darmreißer;1;40548;49999
2164;Darmreißer;1;40548;49999
2589;Leinenstoff;20;10000;10000
2589;Leinenstoff;20;10000;10000
2589;Leinenstoff;20;10000;10000
2589;Leinenstoff;20;10000;10000
2589;Leinenstoff;20;10000;10000
2589;Leinenstoff;20;10000;10000
2589;Leinenstoff;4;2000;2000
2589;Leinenstoff;20;10000;10000
23624;Pläne: Helm des tapferen Verteidigers;1;250000;299999
14549;Stiefel der Vermeidung;1;2000000;2200000
14549;Stiefel der Vermeidung;1;111639;119549
23536;Helm der Eidestreue;1;6499952;6999900
31190;Schulterpolster des Träumers;1;118855;132061
25653;Reitgerte;1;797600;799500
25653;Reitgerte;1;777777;788888
23635;Pläne: Runenverzierte Eterniumklinge;1;457332;571665
31202;Gurt des göttlichen Segens;1;127796;141996
31202;Gurt des göttlichen Segens;1;59054;70000
25649;Knotenhautlederfetzen;20;180000;195000
25649;Knotenhautlederfetzen;20;180000;195000
25649;Knotenhautlederfetzen;20;180000;195000
25649;Knotenhautlederfetzen;20;180000;195000
25649;Knotenhautlederfetzen;20;180000;195000
25649;Knotenhautlederfetzen;20;180000;195000
25649;Knotenhautlederfetzen;20;180000;195000
25649;Knotenhautlederfetzen;20;180000;195000
25649;Knotenhautlederfetzen;20;180000;195000
25649;Knotenhautlederfetzen;11;90000;100000
25649;Knotenhautlederfetzen;20;180000;195000
25649;Knotenhautlederfetzen;20;180000;195000
14671;Rudellordstiefel;1;41638;52048
22861;Fläschchen des blendenden Lichts;1;238899;258899
22861;Fläschchen des blendenden Lichts;1;238899;258899
19280;Portal 4;1;48750;49999
31138;Gurt des Sturmfürsten;1;99703;99999
21151;Schwarzer Rumsey Rum;1;1544;1931
18661;Bauplan: Weltvergrößerer;1;128500;164999
19262;Kriegsfürst 5;1;170000;175000
15086;Tückisches Lederstirnband;1;26561;29512
15086;Tückisches Lederstirnband;1;26561;29512
15086;Tückisches Lederstirnband;1;26561;29512
15086;Tückisches Lederstirnband;1;25731;28999
21877;Netherstoff;20;24000;29000
21877;Netherstoff;20;32000;40000
21877;Netherstoff;20;24000;29000
21877;Netherstoff;20;24000;29000
21877;Netherstoff;20;24000;29000
21877;Netherstoff;20;32000;40000
21877;Netherstoff;20;24000;29000
21877;Netherstoff;20;24000;29000
21877;Netherstoff;20;32000;40000
21877;Netherstoff;20;32000;40000
21877;Netherstoff;20;25000;29900
21877;Netherstoff;20;30000;34000
21877;Netherstoff;19;23104;28880
21877;Netherstoff;20;25000;29900
21877;Netherstoff;20;25000;29900
21877;Netherstoff;20;34000;35500
21877;Netherstoff;20;25000;29900
21877;Netherstoff;20;25000;29900
21877;Netherstoff;20;25000;29900
21877;Netherstoff;20;14000;46600
21877;Netherstoff;20;34000;35000
21877;Netherstoff;20;34000;35000
21877;Netherstoff;20;34000;35000
21877;Netherstoff;20;32000;40000
21877;Netherstoff;20;32000;40000
21877;Netherstoff;20;34000;35500
13511;Fläschchen der destillierten Weisheit;1;219999;229999
13511;Fläschchen der destillierten Weisheit;1;219999;229999
13511;Fläschchen der destillierten Weisheit;1;219999;229999
13511;Fläschchen der destillierten Weisheit;1;219999;229999
13511;Fläschchen der destillierten Weisheit;1;167500;172999
13511;Fläschchen der destillierten Weisheit;1;219999;229999
13511;Fläschchen der destillierten Weisheit;1;219999;229999
13511;Fläschchen der destillierten Weisheit;1;167500;172999
13511;Fläschchen der destillierten Weisheit;1;219999;229999
13511;Fläschchen der destillierten Weisheit;1;167500;172999
13511;Fläschchen der destillierten Weisheit;1;219999;229999
13511;Fläschchen der destillierten Weisheit;1;219999;229999
13511;Fläschchen der destillierten Weisheit;1;219999;229999
13511;Fläschchen der destillierten Weisheit;1;219999;229999
13511;Fläschchen der destillierten Weisheit;1;219999;229999
13511;Fläschchen der destillierten Weisheit;1;157500;175000
13511;Fläschchen der destillierten Weisheit;1;219999;229999
13511;Fläschchen der destillierten Weisheit;1;219999;229999
13511;Fläschchen der destillierten Weisheit;1;219999;229999
13511;Fläschchen der destillierten Weisheit;1;219999;229999
13511;Fläschchen der destillierten Weisheit;1;219999;229999
13511;Fläschchen der destillierten Weisheit;1;219999;229999
13511;Fläschchen der destillierten Weisheit;1;219999;229999
13511;Fläschchen der destillierten Weisheit;1;157500;175000
13511;Fläschchen der destillierten Weisheit;1;219999;229999
13511;Fläschchen der destillierten Weisheit;1;157500;175000
13511;Fläschchen der destillierten Weisheit;1;157500;175000
13511;Fläschchen der destillierten Weisheit;1;157500;175000
13511;Fläschchen der destillierten Weisheit;1;157500;175000
13511;Fläschchen der destillierten Weisheit;1;157500;175000
13511;Fläschchen der destillierten Weisheit;1;157500;175000
13511;Fläschchen der destillierten Weisheit;1;157500;175000
13511;Fläschchen der destillierten Weisheit;1;157500;175000
13511;Fläschchen der destillierten Weisheit;1;157500;175000
13511;Fläschchen der destillierten Weisheit;1;157500;175000
13511;Fläschchen der destillierten Weisheit;1;157500;175000
13511;Fläschchen der destillierten Weisheit;1;157500;175000
13511;Fläschchen der destillierten Weisheit;1;157500;175000
13511;Fläschchen der destillierten Weisheit;1;157500;175000
13511;Fläschchen der destillierten Weisheit;1;157500;175000
13511;Fläschchen der destillierten Weisheit;1;157500;175000
13511;Fläschchen der destillierten Weisheit;1;157500;175000
13511;Fläschchen der destillierten Weisheit;1;157500;175000
18662;Schwerer Lederball;1;1000;1200
18662;Schwerer Lederball;1;1000;1200
23627;Pläne: Armschienen der grünen Festung;1;180000;0
19265;Kriegsfürst 8;1;38750;40000
31233;Düstere Schienbeinschützer;1;95664;119581
23437;Talasit;20;14000000;15000000
22793;Manadistel;20;155000;160000
22793;Manadistel;20;155000;160000
22793;Manadistel;20;155000;160000
22793;Manadistel;20;159000;159999
3647;Helle Armschienen;1;299900;299900
8175;Tunika des Nachtschleichers;1;28956;29999
18335;Makelloser schwarzer Diamant;1;200000;250000
18335;Makelloser schwarzer Diamant;1;299999;299999
18335;Makelloser schwarzer Diamant;1;299999;299999
18335;Makelloser schwarzer Diamant;1;299999;299999
18335;Makelloser schwarzer Diamant;1;299999;299999
18335;Makelloser schwarzer Diamant;1;299999;299999
31147;Anhänger der List;1;43254;80000
23768;Weißes Rauchsignal;16;116000;145000
23768;Weißes Rauchsignal;20;145000;180000
23768;Weißes Rauchsignal;20;146288;182860
23768;Weißes Rauchsignal;16;117030;146288
23768;Weißes Rauchsignal;20;145000;180000
23768;Weißes Rauchsignal;10;103856;115396
23768;Weißes Rauchsignal;10;103500;115000
23768;Weißes Rauchsignal;10;103500;115000
23768;Weißes Rauchsignal;20;146288;182860
19232;Bestien 4;1;38316;47896
19232;Bestien 4;1;38750;40000
19232;Bestien 4;1;37969;43299
23571;Urmacht;1;995000;999000
23571;Urmacht;1;1439999;1454999
23571;Urmacht;1;1439999;1454999
23571;Urmacht;1;984000;1000000
23571;Urmacht;1;995000;999000
23571;Urmacht;1;999700;999800
23571;Urmacht;1;995000;999000
23571;Urmacht;1;995000;999000
23571;Urmacht;1;995000;999000
23571;Urmacht;1;999700;999800
23571;Urmacht;1;999900;999900
23571;Urmacht;1;999900;999900
23571;Urmacht;1;1439999;1454999
6037;Echtsilberbarren;1;5000;5000
14498;Muster: Runenstoffstirnband;1;19375;19999
6348;Formel: Waffe - Schwacher Wildtiertöter;1;9544;13555
19284;Portal 8;1;150000;160000
14665;Bewahrerumhang;1;26460;29400
14665;Bewahrerumhang;1;23520;29400
14428;Fußpolster des Windhetzers;1;15094;18868
23425;Adamantiterz;2;24010;24490
23425;Adamantiterz;20;159936;199920
23425;Adamantiterz;20;165000;180000
23425;Adamantiterz;20;165000;180000
23425;Adamantiterz;5;39984;49980
23425;Adamantiterz;20;120000;150000
23425;Adamantiterz;20;120000;150000
23425;Adamantiterz;20;120000;150000
23425;Adamantiterz;20;120000;150000
23425;Adamantiterz;20;120000;150000
23425;Adamantiterz;7;42000;52500
23425;Adamantiterz;20;165000;180000
31142;Klinge des gefangenen Wissens;1;999999;999999
14479;Muster: Hellstoffhandschuhe;1;4898;6123
19267;Elementarkartenset;1;899999;1999999
23634;Pläne: Teufelsgehärteter Schlägel;1;150000;160000
14753;Töterschädelkappe;1;13915;20000
19228;Bestienkartenset;1;21000000;23000000
14344;Großer glänzender Splitter;1;102500;103500
14344;Großer glänzender Splitter;1;102500;103500
14344;Großer glänzender Splitter;1;102500;103500
14344;Großer glänzender Splitter;10;880368;948090
14344;Großer glänzender Splitter;5;512500;517500
14344;Großer glänzender Splitter;1;65766;73073
14344;Großer glänzender Splitter;5;300000;300000
14344;Großer glänzender Splitter;5;300000;300000
14344;Großer glänzender Splitter;10;880368;948090
14344;Großer glänzender Splitter;8;704294;758472
14344;Großer glänzender Splitter;5;300000;300000
14344;Großer glänzender Splitter;6;528221;568854
14344;Großer glänzender Splitter;6;528221;568854
14344;Großer glänzender Splitter;8;704294;758472
14344;Großer glänzender Splitter;4;352147;379236
14344;Großer glänzender Splitter;4;352147;379236
14494;Muster: Hellstoffhose;1;17248;21560
30323;Pläne: Stiefel des Beschützers;1;90000;199000
27664;Gegrillter Matschflosser;20;233240;245000
19711;Grünes Schmuckstück der Hakkari;1;200000;230000
31175;Handgelenksschützer des Klingentänzers;1;96244;99999
14379;Blutrote Beinkleider;1;12422;20000
31151;Gurt der Belagerung;1;146952;149999
31151;Gurt der Belagerung;1;354635;400000
14920;Jadebeinplatten;1;46043;51159
31226;Gamaschen des Durchtriebenen;1;89999;99999
31136;Brustplatte des Klingendrehs;1;92310;99999
22851;Fläschchen der Stärkung;1;158899;184499
22851;Fläschchen der Stärkung;1;158899;184499
24052;Kompakter Dämmerstein;1;68322;68999
24052;Kompakter Dämmerstein;1;68322;68999
24052;Kompakter Dämmerstein;1;68322;68999
24052;Kompakter Dämmerstein;1;68322;68999
24052;Kompakter Dämmerstein;1;80000;109999
24052;Kompakter Dämmerstein;1;80000;109999
24052;Kompakter Dämmerstein;1;68322;68999
24052;Kompakter Dämmerstein;1;68322;68999
24052;Kompakter Dämmerstein;1;68322;68999
24052;Kompakter Dämmerstein;1;68322;68999
24052;Kompakter Dämmerstein;1;68322;68999
24052;Kompakter Dämmerstein;1;195000;200000
24052;Kompakter Dämmerstein;1;68322;68999
24052;Kompakter Dämmerstein;1;68123;68798
24052;Kompakter Dämmerstein;1;68123;68798
24052;Kompakter Dämmerstein;1;68123;68798
24052;Kompakter Dämmerstein;1;68123;68798
24052;Kompakter Dämmerstein;1;68123;68798
24052;Kompakter Dämmerstein;1;59500;63999
24052;Kompakter Dämmerstein;1;59500;63999
24052;Kompakter Dämmerstein;1;63800;63800
24052;Kompakter Dämmerstein;1;68322;68999
14417;Seidensandtunika;1;18841;23552
14501;Muster: Mondstoffweste;1;91250;99999
24051;Massiver Dämmerstein;1;199999;249999
24051;Massiver Dämmerstein;1;199999;249999
24051;Massiver Dämmerstein;1;180000;185000
24051;Massiver Dämmerstein;1;200000;250000
24051;Massiver Dämmerstein;1;195000;200000
24051;Massiver Dämmerstein;1;180000;185000
24051;Massiver Dämmerstein;1;180000;185000
24051;Massiver Dämmerstein;1;180000;185000
24051;Massiver Dämmerstein;1;180000;185000
24051;Massiver Dämmerstein;1;184698;184698
24051;Massiver Dämmerstein;1;200000;250000
24051;Massiver Dämmerstein;1;199999;249999
24051;Massiver Dämmerstein;1;184700;184700
24051;Massiver Dämmerstein;1;184700;184700
24051;Massiver Dämmerstein;1;174000;184699
24051;Massiver Dämmerstein;1;184698;184698
24051;Massiver Dämmerstein;1;184698;184698
24051;Massiver Dämmerstein;1;184698;184698
24051;Massiver Dämmerstein;1;184698;184698
24051;Massiver Dämmerstein;1;199999;249999
14760;Ausdauernde Brustplatte;1;9394;20000
15083;Tückische Lederstulpen;1;10308;14999
19234;Bestien 6;1;783921;979902
19234;Bestien 6;1;760408;844898
23120;Stürmischer Azurmondstein;1;29999;39999
23622;Pläne: Stahlgriffstulpen;1;180000;0
23636;Pläne: Todeslied;1;240146;266829
23636;Pläne: Todeslied;1;244918;270029
23636;Pläne: Todeslied;1;244918;270029
23636;Pläne: Todeslied;1;244918;270029
31079;Quecksilberadamantit;4;400000;400000
31079;Quecksilberadamantit;4;400000;400000
31079;Quecksilberadamantit;4;400000;400000
31079;Quecksilberadamantit;4;400000;400000
31079;Quecksilberadamantit;12;1500000;1500000
31137;Stulpen der Läuterung;1;42007;52509
24033;Gediegener Stern der Elune;1;179999;199999
24033;Gediegener Stern der Elune;1;179999;199999
24033;Gediegener Stern der Elune;1;179999;199999
24033;Gediegener Stern der Elune;1;179999;199999
24033;Gediegener Stern der Elune;1;179999;199999
24033;Gediegener Stern der Elune;1;179999;199999
24033;Gediegener Stern der Elune;1;179999;199999
24033;Gediegener Stern der Elune;1;179999;199999
24033;Gediegener Stern der Elune;1;179999;199999
24033;Gediegener Stern der Elune;1;179999;199999
24033;Gediegener Stern der Elune;1;179999;199999
24033;Gediegener Stern der Elune;1;179999;199999
24033;Gediegener Stern der Elune;1;179999;199999
24033;Gediegener Stern der Elune;1;179999;199999
24033;Gediegener Stern der Elune;1;179999;199999
24033;Gediegener Stern der Elune;1;179999;199999
24033;Gediegener Stern der Elune;1;179999;199999
24033;Gediegener Stern der Elune;1;179999;199999
24033;Gediegener Stern der Elune;1;179999;199999
24033;Gediegener Stern der Elune;1;179999;199999
24033;Gediegener Stern der Elune;1;179999;199999
24033;Gediegener Stern der Elune;1;179999;199999
24033;Gediegener Stern der Elune;1;179999;199999
24033;Gediegener Stern der Elune;1;179999;199999
24033;Gediegener Stern der Elune;1;179999;199999
24033;Gediegener Stern der Elune;1;179999;199999
24033;Gediegener Stern der Elune;1;179999;199999
24033;Gediegener Stern der Elune;1;68899;74499
24033;Gediegener Stern der Elune;1;84499;94499
24033;Gediegener Stern der Elune;1;179999;199999
24033;Gediegener Stern der Elune;1;179999;199999
24033;Gediegener Stern der Elune;1;179999;199999
24033;Gediegener Stern der Elune;1;179999;199999
24033;Gediegener Stern der Elune;1;179999;199999
24033;Gediegener Stern der Elune;1;179999;199999
24033;Gediegener Stern der Elune;1;179999;199999
24033;Gediegener Stern der Elune;1;179999;199999
24033;Gediegener Stern der Elune;1;179999;199999
24033;Gediegener Stern der Elune;1;179999;199999
24033;Gediegener Stern der Elune;1;179999;199999
24033;Gediegener Stern der Elune;1;179999;199999
24033;Gediegener Stern der Elune;1;179999;199999
14951;Blutgeschmiedete Sabatons;1;31608;39511
23438;Stern der Elune;20;700000;750000
7911;Echtsilbererz;1;3000;3000
7561;Bauplan: Goblinüberbrückungskabel;1;1000500;2500000
10413;Handschuhe des Giftzahns;1;50000;50000
10413;Handschuhe des Giftzahns;1;50000;50000
23736;Teufelseisenbombe;10;98008;107510
23736;Teufelseisenbombe;10;84280;105350
23736;Teufelseisenbombe;8;67424;84280
23736;Teufelseisenbombe;10;84280;105350
31134;Klinge des Unglücks;1;164315;190000
31134;Klinge des Unglücks;1;209925;217694
31134;Klinge des Unglücks;1;124315;224700
14555;Alcors Sonnenschneide;1;151999;189999
12360;Arkanitbarren;1;58900;58900
12360;Arkanitbarren;1;57500;58500
12360;Arkanitbarren;1;57500;58500
12360;Arkanitbarren;1;57500;58500
12360;Arkanitbarren;1;57500;58500
12360;Arkanitbarren;1;57500;58500
12360;Arkanitbarren;1;57500;58500
12360;Arkanitbarren;1;57500;58500
12360;Arkanitbarren;1;57500;58500
12360;Arkanitbarren;1;57500;58500
12360;Arkanitbarren;1;57500;58500
12360;Arkanitbarren;1;57500;58500
12360;Arkanitbarren;1;57500;58500
12360;Arkanitbarren;1;58900;58900
12360;Arkanitbarren;1;58900;58900
12360;Arkanitbarren;1;58900;58900
12360;Arkanitbarren;1;58900;58900
12360;Arkanitbarren;1;58900;58900
23630;Pläne: Khoriumchampion;1;240506;259451
31178;Amulett der unbeständigen Macht;1;108162;120000
31194;Gronngesegnete Kriegsperlen;1;119619;149524
5642;Rezept: Trank der freien Aktion;1;40675;79999
30308;Muster: Stiefel des Wirbelsturms;1;999900;999900
31184;Kopfschutz der Legion;1;74532;93165
31131;Schärpe der lautlosen Klingen;1;495000;550000
23426;Khoriumerz;1;54131;67664
23426;Khoriumerz;10;672143;676630
23426;Khoriumerz;10;672143;676630
23426;Khoriumerz;10;672143;676630
23426;Khoriumerz;10;672143;676630
23426;Khoriumerz;10;672143;676630
23426;Khoriumerz;10;672143;676630
23426;Khoriumerz;10;672143;676630
23426;Khoriumerz;10;672143;676630
23426;Khoriumerz;10;672143;676630
23426;Khoriumerz;10;672143;676630
18401;Forors Kompendium des Drachentötens;1;500000;1000000
18600;Foliant der arkanen Brillanz;1;33345;38162
18600;Foliant der arkanen Brillanz;1;48000;50000
19221;Dunkelmond-Spezialmischung;10;800120;970000
19221;Dunkelmond-Spezialmischung;6;480072;582000
3611;Pläne: Grüne Eisenstiefel;1;88194;147543
24053;Mystischer Dämmerstein;1;150000;175000
24053;Mystischer Dämmerstein;1;142000;150999
24053;Mystischer Dämmerstein;1;150000;150000
24053;Mystischer Dämmerstein;1;150000;175000
24053;Mystischer Dämmerstein;1;150000;175000
24053;Mystischer Dämmerstein;1;150000;175000
24053;Mystischer Dämmerstein;1;150000;175000
24053;Mystischer Dämmerstein;1;150000;175000
24053;Mystischer Dämmerstein;1;150000;175000
24053;Mystischer Dämmerstein;1;149999;159999
24053;Mystischer Dämmerstein;1;150000;175000
14778;Khans Binden;1;15785;19732
14406;Widerstandsfähige Kordel;1;1402;10000
18587;Goblinüberbrückungskabel XL;1;2259999;2599999
31222;Kopfputz des inneren Zorns;1;134837;149819
25689;Schwere Grollhufweste;1;1097515;1190000
25689;Schwere Grollhufweste;1;746347;757934
25689;Schwere Grollhufweste;1;700000;725000
25689;Schwere Grollhufweste;1;700000;725000
18343;Versteinertes Band;1;14615;0
19259;Kriegsfürst 2;1;225050;250000
24271;Zauberstoff;1;484000;499800
24271;Zauberstoff;1;484000;499800
24271;Zauberstoff;1;484000;499800
24271;Zauberstoff;1;484000;499800
23574;Rezept: Urmacht transmutieren;1;217700;235500
14762;Ausdauernde Stiefel;1;6111;20000
25693;Netherzornstiefel;1;113836;142296
11082;Große Astralessenz;1;20000;20600
11082;Große Astralessenz;1;20000;20600
11082;Große Astralessenz;1;20000;20600
11082;Große Astralessenz;1;20000;20600
11082;Große Astralessenz;1;10100;20000
23626;Pläne: Schwarze Teufelsstahlarmschienen;1;570000;600000
14910;Derbe Armschützer;1;17084;21356
30420;Schwerer Jadering;1;5555;6666
30420;Schwerer Jadering;1;5555;6666
30420;Schwerer Jadering;1;5555;6666
30420;Schwerer Jadering;1;5555;6666
30420;Schwerer Jadering;1;5555;6666
30809;Mal des Sargeras;10;122750;124750
30809;Mal des Sargeras;10;85000;89000
30809;Mal des Sargeras;10;85000;89000
30809;Mal des Sargeras;10;85000;89000
30809;Mal des Sargeras;10;85000;89000
30809;Mal des Sargeras;10;85000;89000
30809;Mal des Sargeras;10;85000;89000
30809;Mal des Sargeras;2;16398;16398
30809;Mal des Sargeras;10;85000;89000
30809;Mal des Sargeras;10;85000;89000
30809;Mal des Sargeras;10;85000;89000
30809;Mal des Sargeras;10;85000;89000
30809;Mal des Sargeras;10;85000;89000
30809;Mal des Sargeras;10;85000;89000
30809;Mal des Sargeras;4;32000;40000
30809;Mal des Sargeras;10;85000;89000
30809;Mal des Sargeras;10;85000;89000
30809;Mal des Sargeras;10;85000;89000
30809;Mal des Sargeras;10;85000;89000
30809;Mal des Sargeras;30;268740;273150
30809;Mal des Sargeras;250;2050000;2050000
30809;Mal des Sargeras;250;2100000;2100000
30809;Mal des Sargeras;1;8900;9500
30809;Mal des Sargeras;5;49000;51000
30809;Mal des Sargeras;10;85000;89000
30809;Mal des Sargeras;24;159673;199592
30809;Mal des Sargeras;10;85000;89000
30809;Mal des Sargeras;10;85000;89000
30809;Mal des Sargeras;10;85000;89000
30809;Mal des Sargeras;10;85000;89000
30809;Mal des Sargeras;10;85000;89000
30809;Mal des Sargeras;10;85000;89000
30809;Mal des Sargeras;10;85000;89000
2291;Kang der Köpfer;1;66870;69999
13754;Roher glänzender Machtfisch;5;90100;100000
19271;Elementar 4;1;21802;24225
19271;Elementar 4;1;18750;20000
19271;Elementar 4;1;22500;25500
18782;Obere Hälfte von 'Hochentwickelte Rüstungsschmiedekunst: Band 2';1;53137;59042
14750;Tötermanschetten;1;1602;10000
18262;Elementarwetzstein;1;79900;89000
18262;Elementarwetzstein;1;79900;89000
18262;Elementarwetzstein;5;399500;445000
18262;Elementarwetzstein;1;79900;89000
18262;Elementarwetzstein;1;79900;89000
18262;Elementarwetzstein;1;79900;89000
23531;Teufelszornstulpen;1;3946888;3999900
13112;Geflügelter Helm;1;14437;19999
